Basics/DEM.asc
ncols        598
nrows        650
xllcorner    108.335000000000
yllcorner    32.655000000696
cellsize     0.000833333333
NODATA_value -9999
[rows 0 to 41 of 650, columns 376 to 469 of 598]
1465 1496 1500 1489 1473 1479 1485 1491 1497 1491 1484 1443 1394 1354 1316 1278 1238 1195 1157 1137 1115 1073 1040 1024 1045 1079 1113 1152 1189 1229 1280 1304 1279 1220 1166 1127 1096 1082 1099 1131 1161 1198 1243 1291 1336 1364 1378 1383 1377 1370 1375 1385 1406 1413 1433 1467 1508 1548 1569 1561 1539 1508 1476 1461 1458 1466 1455 1429 1377 1325 1283 1242 1212 1239 1291 1339 1405 1460 1467 1445 1395 1357 1330 1316 1308 1297 1280 1252 1222 1177 1132 1094 1060 1033
1418 1444 1443 1435 1418 1423 1427 1433 1442 1472 1470 1439 1391 1340 1298 1255 1221 1196 1192 1178 1140 1086 1050 1024 1029 1056 1094 1137 1175 1214 1261 1293 1265 1210 1157 1119 1085 1074 1095 1127 1161 1196 1231 1269 1298 1308 1308 1311 1314 1315 1323 1338 1353 1385 1415 1451 1504 1561 1595 1576 1547 1513 1470 1426 1408 1411 1415 1385 1341 1287 1240 1202 1207 1248 1293 1345 1400 1445 1449 1418 1371 1319 1285 1266 1253 1243 1240 1223 1197 1164 1123 1087 1050 1019
1369 1386 1388 1380 1362 1363 1371 1381 1394 1436 1445 1439 1416 1374 1331 1292 1270 1253 1233 1208 1153 1103 1065 1029 1023 1034 1067 1113 1153 1200 1242 1276 1248 1191 1144 1105 1076 1065 1088 1125 1164 1196 1217 1238 1245 1247 1252 1258 1260 1270 1295 1315 1346 1381 1415 1455 1503 1561 1602 1569 1530 1494 1448 1404 1372 1360 1369 1356 1328 1269 1219 1183 1208 1236 1280 1327 1377 1416 1425 1415 1377 1322 1273 1236 1208 1195 1185 1179 1166 1141 1111 1071 1032 994
1325 1333 1337 1326 1313 1316 1323 1333 1354 1391 1430 1438 1432 1400 1367 1353 1330 1292 1254 1210 1168 1117 1080 1044 1017 1019 1036 1080 1128 1175 1217 1232 1215 1167 1116 1087 1070 1057 1080 1122 1160 1180 1186 1189 1195 1203 1210 1222 1244 1271 1299 1332 1365 1400 1431 1471 1514 1562 1591 1572 1500 1469 1434 1394 1353 1319 1313 1324 1307 1279 1223 1174 1177 1211 1255 1304 1350 1376 1405 1406 1394 1338 1285 1238 1200 1160 1139 1125 1116 1103 1079 1050 1015 984
1265 1271 1279 1264 1265 1277 1287 1286 1312 1351 1389 1416 1412 1388 1368 1367 1349 1315 1274 1226 1183 1140 1103 1064 1029 1012 1015 1052 1096 1139 1168 1178 1161 1126 1081 1055 1047 1051 1075 1105 1135 1141 1142 1151 1165 1181 1200 1224 1249 1283 1318 1355 1389 1428 1460 1503 1536 1564 1576 1538 1494 1457 1424 1396 1356 1306 1282 1281 1286 1266 1223 1182 1161 1186 1225 1263 1300 1332 1372 1407 1407 1353 1297 1253 1209 1176 1139 1111 1083 1066 1047 1032 1002 983
1213 1208 1211 1205 1218 1229 1248 1250 1279 1311 1351 1377 1371 1343 1323 1325 1321 1310 1300 1253 1208 1163 1117 1086 1054 1019 1004 1019 1060 1093 1109 1117 1112 1080 1040 1036 1048 1061 1074 1095 1111 1114 1128 1144 1161 1183 1207 1232 1261 1289 1331 1374 1414 1455 1499 1545 1561 1561 1547 1512 1470 1433 1406 1378 1342 1303 1255 1244 1244 1234 1206 1166 1153 1172 1203 1241 1281 1327 1370 1417 1415 1368 1317 1271 1232 1202 1171 1135 1103 1077 1052 1020 997 978
1179 1167 1161 1168 1184 1197 1204 1225 1250 1284 1314 1327 1321 1292 1277 1274 1290 1316 1320 1274 1223 1176 1137 1106 1076 1041 1007 1004 1017 1043 1060 1070 1074 1055 1029 1031 1053 1075 1090 1101 1111 1130 1153 1164 1181 1198 1220 1241 1265 1303 1343 1386 1425 1468 1522 1565 1566 1545 1500 1458 1414 1381 1350 1327 1304 1273 1240 1215 1202 1191 1170 1146 1142 1170 1199 1241 1284 1337 1390 1422 1419 1370 1323 1283 1257 1231 1198 1169 1130 1091 1054 1018 984 976
1152 1143 1135 1138 1150 1164 1171 1193 1218 1245 1265 1266 1258 1239 1224 1230 1255 1294 1303 1277 1239 1192 1164 1137 1102 1062 1031 1005 998 1006 1021 1037 1038 1028 1018 1027 1060 1090 1114 1126 1135 1152 1181 1201 1203 1219 1238 1258 1278 1301 1341 1389 1430 1480 1535 1567 1555 1510 1465 1417 1379 1342 1310 1286 1265 1243 1216 1193 1169 1154 1142 1130 1138 1171 1204 1244 1296 1348 1402 1415 1399 1348 1311 1273 1246 1217 1196 1170 1134 1094 1046 1000 975 973
1144 1152 1143 1134 1128 1131 1150 1160 1179 1200 1206 1203 1194 1182 1180 1195 1220 1248 1266 1254 1247 1238 1198 1165 1127 1091 1061 1034 1012 997 998 1008 1011 1006 1009 1037 1074 1111 1138 1149 1168 1174 1199 1224 1243 1241 1257 1278 1304 1321 1346 1389 1434 1476 1517 1550 1538 1492 1440 1395 1356 1324 1299 1266 1243 1225 1214 1198 1169 1143 1120 1115 1138 1174 1209 1248 1295 1353 1406 1406 1372 1318 1269 1230 1198 1167 1145 1126 1097 1061 1023 986 970 978
1185 1168 1162 1144 1129 1119 1119 1128 1139 1137 1144 1145 1137 1135 1143 1154 1174 1185 1202 1216 1237 1226 1206 1188 1164 1125 1091 1065 1053 1021 997 990 998 997 1015 1054 1088 1128 1168 1191 1201 1209 1224 1251 1272 1284 1286 1307 1331 1361 1385 1395 1419 1454 1494 1520 1527 1485 1435 1387 1359 1332 1304 1282 1270 1261 1241 1207 1168 1132 1105 1106 1137 1176 1210 1251 1294 1343 1400 1408 1357 1300 1257 1208 1164 1136 1107 1087 1064 1042 1006 982 968 965
1216 1193 1177 1176 1171 1143 1119 1114 1109 1108 1102 1100 1098 1095 1101 1112 1118 1127 1141 1154 1159 1163 1173 1170 1163 1150 1131 1111 1096 1056 1006 990 985 998 1027 1065 1103 1142 1177 1207 1230 1250 1261 1271 1294 1311 1322 1330 1341 1367 1383 1390 1405 1435 1466 1509 1511 1485 1437 1395 1369 1344 1333 1324 1309 1293 1261 1216 1160 1116 1090 1098 1136 1176 1215 1255 1299 1347 1399 1411 1368 1310 1261 1222 1193 1157 1131 1100 1072 1034 1000 974 960 963
1232 1212 1219 1227 1213 1182 1154 1138 1130 1116 1111 1102 1095 1084 1076 1076 1078 1080 1082 1092 1094 1092 1104 1123 1146 1151 1151 1147 1123 1074 1017 988 980 996 1023 1065 1100 1123 1163 1201 1243 1276 1292 1298 1294 1296 1304 1312 1319 1324 1332 1358 1384 1412 1444 1487 1503 1491 1452 1425 1399 1376 1360 1335 1305 1273 1246 1205 1155 1105 1073 1098 1134 1172 1203 1250 1297 1345 1401 1408 1362 1308 1281 1252 1222 1195 1163 1130 1091 1052 1002 969 954 971
1248 1249 1266 1266 1243 1199 1182 1176 1158 1149 1139 1137 1124 1108 1092 1079 1075 1065 1064 1063 1055 1051 1049 1066 1095 1122 1133 1144 1126 1071 1019 985 978 988 1011 1046 1078 1109 1147 1184 1220 1244 1258 1264 1256 1253 1253 1257 1261 1281 1306 1334 1363 1403 1441 1487 1502 1485 1443 1415 1391 1366 1339 1304 1268 1232 1203 1173 1133 1093 1071 1084 1122 1160 1196 1242 1289 1344 1397 1400 1349 1299 1272 1242 1226 1203 1178 1143 1098 1043 993 960 954 985
1284 1300 1312 1297 1249 1227 1224 1204 1190 1179 1182 1175 1160 1145 1132 1127 1111 1096 1089 1081 1082 1072 1051 1039 1040 1056 1086 1106 1110 1076 1026 987 976 984 1003 1027 1060 1091 1115 1150 1171 1182 1190 1194 1196 1196 1203 1221 1248 1273 1312 1349 1384 1421 1451 1488 1497 1469 1416 1370 1339 1314 1286 1260 1230 1194 1168 1143 1116 1087 1067 1068 1103 1144 1187 1236 1285 1332 1384 1384 1335 1274 1229 1193 1172 1156 1135 1108 1073 1030 982 948 964 991
1326 1344 1341 1314 1270 1270 1254 1237 1215 1217 1221 1206 1185 1179 1182 1178 1150 1134 1125 1127 1131 1120 1096 1064 1039 1029 1033 1073 1086 1088 1048 1001 974 981 997 1015 1037 1058 1076 1096 1111 1124 1131 1140 1151 1169 1195 1224 1252 1286 1324 1367 1406 1424 1443 1482 1486 1453 1403 1367 1333 1298 1272 1243 1212 1189 1166 1144 1121 1083 1062 1055 1086 1134 1186 1237 1285 1321 1357 1362 1332 1271 1214 1168 1128 1095 1072 1052 1033 999 964 947 966 996
1372 1386 1369 1327 1308 1306 1294 1260 1255 1264 1257 1234 1219 1219 1227 1217 1192 1175 1168 1167 1169 1165 1146 1112 1082 1050 1028 1029 1080 1083 1066 1026 982 974 990 1005 1017 1026 1044 1060 1076 1090 1108 1130 1155 1187 1216 1245 1277 1307 1341 1370 1387 1400 1413 1452 1467 1456 1429 1402 1369 1341 1307 1279 1254 1220 1189 1159 1126 1088 1051 1047 1073 1121 1173 1217 1254 1290 1334 1359 1335 1272 1220 1174 1136 1096 1057 1025 993 971 949 943 971 1002
1414 1421 1398 1362 1359 1337 1313 1297 1297 1303 1288 1259 1249 1260 1273 1261 1243 1233 1228 1232 1231 1213 1190 1156 1120 1078 1033 1018 1037 1067 1073 1052 998 974 979 997 1023 1040 1057 1074 1088 1105 1125 1152 1182 1215 1249 1282 1306 1336 1345 1344 1348 1342 1361 1415 1452 1455 1434 1420 1414 1396 1363 1327 1292 1244 1200 1167 1121 1078 1044 1036 1058 1106 1148 1182 1220 1264 1312 1359 1334 1270 1219 1178 1136 1105 1072 1021 975 949 935 951 970 1010
1454 1452 1432 1414 1392 1369 1337 1328 1334 1330 1313 1288 1287 1305 1319 1309 1293 1289 1298 1296 1285 1263 1227 1187 1150 1103 1058 1015 1014 1035 1057 1041 1002 977 971 990 1019 1045 1074 1099 1121 1137 1154 1177 1210 1244 1269 1296 1317 1341 1345 1323 1297 1289 1321 1372 1403 1412 1406 1411 1416 1415 1386 1345 1300 1248 1200 1159 1120 1080 1041 1024 1043 1080 1122 1160 1192 1236 1295 1332 1317 1253 1204 1164 1125 1096 1066 1019 967 935 943 965 984 1012
1494 1493 1482 1459 1430 1398 1383 1380 1382 1371 1353 1337 1338 1348 1355 1348 1350 1353 1348 1338 1320 1286 1242 1205 1159 1116 1082 1039 1016 1011 1015 1010 988 981 967 971 1000 1032 1066 1098 1123 1138 1156 1182 1218 1254 1264 1282 1302 1307 1307 1271 1244 1253 1288 1343 1356 1348 1342 1357 1389 1408 1392 1348 1297 1252 1208 1170 1130 1083 1039 1013 1025 1054 1093 1126 1165 1216 1269 1305 1287 1230 1181 1137 1096 1064 1037 999 960 932 944 973 1003 1031
1535 1547 1535 1502 1468 1443 1425 1413 1409 1394 1388 1388 1373 1367 1370 1370 1371 1372 1353 1322 1296 1269 1234 1187 1145 1111 1080 1047 1011 1003 994 989 984 979 972 961 970 994 1024 1054 1077 1100 1140 1182 1219 1240 1247 1255 1283 1283 1264 1227 1202 1215 1258 1302 1314 1296 1288 1310 1353 1383 1381 1359 1321 1272 1226 1187 1138 1092 1042 1002 1007 1031 1062 1099 1146 1193 1245 1283 1273 1211 1157 1108 1067 1043 1018 985 957 929 929 978 1024 1063
1555 1576 1564 1531 1500 1470 1446 1422 1393 1376 1372 1376 1357 1341 1329 1328 1325 1322 1304 1281 1243 1214 1188 1149 1113 1072 1048 1023 1001 992 992 1000 995 983 977 968 956 966 983 1013 1041 1074 1123 1173 1201 1211 1209 1219 1250 1258 1240 1192 1166 1181 1230 1256 1265 1241 1229 1258 1308 1347 1371 1363 1343 1305 1252 1197 1144 1096 1053 1003 987 1009 1040 1073 1114 1169 1223 1263 1258 1208 1151 1095 1049 1017 993 969 940 925 933 978 1031 1088
1549 1556 1551 1536 1518 1499 1467 1434 1396 1355 1334 1317 1306 1289 1276 1266 1258 1258 1261 1243 1206 1171 1145 1114 1079 1046 1020 1009 1003 1005 1023 1031 1028 1011 994 980 965 949 963 987 1016 1059 1108 1154 1175 1160 1157 1193 1220 1227 1200 1158 1132 1168 1219 1229 1214 1193 1177 1214 1262 1300 1313 1324 1316 1290 1260 1200 1148 1102 1059 1010 980 992 1027 1070 1116 1159 1204 1246 1247 1192 1138 1086 1037 995 967 944 920 923 947 987 1030 1083
1519 1509 1510 1515 1507 1501 1490 1449 1409 1369 1325 1295 1273 1255 1229 1216 1206 1194 1192 1185 1159 1128 1100 1077 1051 1026 1025 1030 1031 1042 1057 1062 1057 1036 1019 1004 981 955 948 972 1002 1035 1069 1097 1102 1102 1138 1193 1219 1195 1158 1110 1115 1163 1219 1223 1186 1154 1151 1173 1218 1248 1253 1254 1255 1267 1259 1214 1155 1103 1062 1009 970 977 1019 1066 1107 1160 1206 1249 1242 1195 1143 1088 1041 992 950 923 913 928 960 990 1030 1067
1463 1463 1461 1463 1470 1487 1485 1472 1430 1384 1349 1321 1293 1264 1234 1197 1177 1157 1142 1134 1116 1087 1063 1050 1041 1036 1048 1063 1075 1085 1096 1096 1080 1056 1041 1021 991 963 946 961 988 1010 1030 1038 1053 1089 1131 1191 1214 1174 1113 1077 1105 1161 1214 1218 1166 1128 1131 1153 1188 1199 1197 1187 1201 1229 1239 1212 1152 1097 1052 1006 974 965 1003 1054 1109 1161 1212 1262 1249 1190 1136 1088 1043 998 950 918 909 932 963 996 1032 1059
1412 1411 1424 1424 1430 1437 1459 1454 1435 1416 1379 1346 1323 1297 1261 1229 1195 1167 1142 1120 1100 1066 1066 1071 1065 1074 1087 1103 1121 1137 1143 1138 1107 1074 1059 1035 1003 969 943 950 962 975 986 1001 1034 1083 1126 1167 1176 1134 1076 1058 1094 1158 1207 1197 1145 1105 1111 1138 1186 1183 1153 1143 1153 1194 1219 1209 1152 1089 1038 993 966 959 990 1040 1088 1153 1212 1270 1258 1202 1149 1099 1050 998 946 915 905 929 965 999 1040 1075
1394 1380 1375 1387 1389 1396 1396 1412 1413 1415 1398 1367 1355 1333 1303 1267 1233 1198 1160 1130 1095 1073 1082 1094 1109 1121 1131 1151 1170 1194 1190 1170 1130 1092 1081 1065 1030 987 958 941 941 942 952 980 1021 1079 1097 1116 1109 1085 1050 1039 1080 1141 1178 1167 1114 1081 1090 1128 1167 1159 1123 1097 1119 1156 1201 1197 1154 1085 1025 975 950 953 982 1023 1071 1131 1195 1246 1244 1195 1140 1093 1038 987 937 903 901 923 952 992 1031 1064
1374 1359 1343 1333 1338 1347 1346 1347 1361 1381 1379 1353 1343 1329 1298 1266 1239 1202 1163 1123 1096 1088 1100 1124 1156 1167 1179 1193 1227 1247 1237 1197 1140 1128 1125 1105 1068 1024 986 962 948 939 936 961 1020 1054 1061 1046 1047 1033 1020 1018 1069 1124 1144 1132 1087 1055 1067 1099 1115 1113 1077 1065 1088 1130 1174 1188 1151 1084 1018 967 932 935 961 1005 1051 1107 1164 1205 1215 1175 1120 1067 1021 970 919 894 904 924 944 963 988 1019
1337 1330 1306 1291 1282 1286 1296 1292 1292 1303 1313 1294 1277 1256 1240 1216 1191 1160 1132 1109 1100 1106 1122 1155 1197 1222 1242 1251 1278 1288 1264 1203 1174 1170 1171 1157 1116 1070 1035 1006 974 946 936 954 1006 1032 1015 982 976 972 979 1006 1060 1114 1132 1107 1065 1036 1045 1077 1086 1066 1041 1037 1062 1101 1144 1154 1126 1060 1006 960 932 918 941 978 1028 1085 1139 1174 1179 1131 1078 1026 988 949 902 887 909 941 960 966 976 988
1312 1298 1281 1270 1260 1254 1247 1243 1243 1244 1241 1233 1217 1198 1179 1171 1158 1141 1128 1133 1126 1121 1130 1168 1213 1258 1284 1305 1329 1323 1285 1234 1216 1227 1221 1203 1163 1122 1080 1039 994 950 934 955 991 1000 973 937 924 929 951 997 1058 1095 1102 1080 1046 1017 1030 1064 1072 1039 1012 1010 1035 1067 1101 1108 1083 1043 996 955 919 910 920 954 1003 1058 1113 1150 1140 1097 1038 986 953 920 888 886 911 958 989 1010 1014 1015
1320 1316 1311 1302 1281 1264 1250 1235 1221 1220 1216 1205 1192 1176 1175 1174 1169 1164 1163 1167 1161 1143 1138 1165 1209 1255 1296 1328 1370 1358 1312 1285 1282 1293 1282 1236 1193 1148 1088 1043 987 946 929 947 971 957 929 917 911 906 938 989 1014 1032 1028 1016 1000 1000 1016 1042 1040 1012 985 984 1005 1033 1059 1078 1073 1042 992 951 915 896 906 933 971 1029 1084 1121 1111 1054 1001 949 914 889 880 892 923 960 1010 1046 1064 1068
1353 1359 1355 1342 1323 1303 1285 1263 1247 1234 1229 1224 1218 1219 1212 1213 1201 1188 1190 1200 1192 1170 1153 1165 1199 1242 1289 1339 1385 1385 1355 1343 1340 1323 1298 1244 1190 1133 1075 1020 974 942 925 928 933 920 914 910 908 906 934 949 965 940 937 944 958 964 985 1008 1009 978 962 961 981 1004 1033 1070 1080 1062 1017 965 923 899 896 914 946 997 1047 1071 1065 1016 967 911 876 876 887 912 939 975 1020 1067 1103 1121
1387 1393 1390 1383 1362 1338 1312 1287 1272 1257 1254 1257 1267 1271 1264 1251 1234 1219 1222 1234 1233 1206 1177 1175 1199 1237 1282 1331 1394 1408 1397 1378 1352 1324 1270 1215 1158 1105 1044 1005 975 953 932 919 919 919 922 912 900 906 919 922 904 886 883 892 910 924 953 976 969 948 939 943 960 985 1020 1070 1101 1091 1050 992 933 900 896 906 939 972 1019 1041 1023 979 928 878 870 882 907 940 974 1004 1043 1091 1136 1166
1424 1430 1428 1415 1391 1356 1328 1304 1291 1286 1284 1289 1301 1310 1310 1290 1258 1251 1263 1282 1279 1251 1208 1195 1206 1240 1284 1333 1395 1427 1422 1395 1354 1291 1237 1185 1135 1093 1052 1021 994 967 945 938 936 948 935 917 896 898 911 897 886 890 887 873 873 886 905 928 921 918 919 922 941 972 1025 1072 1090 1079 1052 1012 955 896 891 908 931 973 994 1004 990 952 897 866 867 881 917 961 1001 1043 1077 1108 1157 1205
1466 1471 1451 1428 1400 1372 1349 1333 1326 1328 1320 1318 1330 1344 1332 1303 1277 1279 1308 1332 1332 1285 1236 1212 1220 1252 1289 1338 1395 1446 1437 1390 1331 1281 1229 1173 1149 1112 1075 1040 1009 980 960 960 968 980 976 945 909 896 893 889 889 899 906 891 875 873 873 877 888 893 896 901 922 966 1016 1045 1048 1030 1014 991 956 899 884 896 943 982 1002 993 969 929 887 863 857 867 908 969 1018 1053 1077 1109 1153 1204
1524 1518 1496 1469 1441 1408 1377 1367 1363 1368 1369 1368 1371 1369 1344 1311 1296 1312 1342 1379 1368 1313 1247 1227 1242 1273 1306 1351 1401 1427 1418 1361 1327 1295 1259 1206 1174 1126 1080 1044 1012 984 980 991 1000 1014 1009 982 936 906 896 896 916 936 944 938 921 902 879 873 866 866 866 875 897 934 975 986 980 958 951 955 941 897 874 899 948 1001 1024 1005 966 921 880 858 851 857 901 948 990 1025 1048 1084 1130 1196
1588 1578 1561 1522 1483 1438 1404 1398 1402 1410 1412 1421 1424 1411 1373 1342 1326 1337 1368 1384 1371 1302 1257 1246 1271 1304 1334 1373 1407 1414 1390 1343 1317 1301 1272 1226 1159 1105 1059 1022 1005 1009 1022 1037 1047 1056 1052 1030 979 938 928 941 964 984 993 981 961 934 911 892 888 873 863 862 862 875 893 910 899 892 893 900 893 874 875 915 967 1015 1033 1027 983 929 875 847 847 860 886 925 959 990 1028 1072 1123 1167
1642 1640 1622 1569 1510 1466 1439 1440 1449 1457 1463 1478 1464 1440 1400 1375 1368 1376 1386 1379 1351 1293 1267 1266 1296 1331 1367 1406 1428 1414 1378 1324 1289 1260 1233 1187 1136 1077 1050 1045 1057 1066 1080 1096 1108 1116 1103 1060 1009 977 974 991 1014 1033 1038 1020 985 959 918 916 919 920 906 882 864 861 861 861 857 851 850 859 868 864 883 937 988 1037 1071 1057 1007 945 881 846 853 863 893 914 948 985 1026 1073 1105 1126
1696 1692 1660 1597 1539 1502 1488 1483 1493 1504 1518 1517 1495 1465 1436 1419 1413 1424 1419 1392 1339 1286 1279 1297 1319 1353 1392 1420 1438 1418 1371 1327 1280 1243 1206 1164 1124 1105 1110 1119 1126 1135 1147 1168 1183 1173 1141 1095 1034 1011 1017 1033 1059 1078 1073 1036 999 956 936 952 974 974 948 919 898 888 877 871 868 867 858 846 848 857 890 932 989 1042 1089 1079 1017 951 889 850 845 875 909 938 957 992 1037 1069 1083 1076
1726 1717 1679 1639 1596 1562 1543 1540 1545 1558 1565 1561 1539 1505 1481 1467 1467 1447 1431 1378 1328 1319 1320 1324 1350 1382 1407 1419 1420 1396 1354 1309 1279 1236 1189 1167 1173 1182 1185 1191 1195 1202 1205 1227 1237 1214 1158 1090 1075 1072 1082 1090 1109 1111 1093 1043 995 958 970 997 1018 1008 971 946 931 933 930 920 914 912 878 851 840 853 876 910 964 1020 1073 1072 1022 962 899 852 844 871 921 967 991 1016 1029 1043 1038 1018
1741 1728 1703 1681 1659 1628 1600 1595 1601 1621 1619 1605 1580 1557 1540 1506 1487 1461 1413 1372 1352 1354 1369 1384 1395 1393 1400 1400 1379 1354 1318 1288 1259 1220 1217 1226 1248 1251 1241 1243 1247 1262 1274 1272 1256 1215 1159 1116 1118 1134 1151 1158 1153 1131 1086 1025 988 994 1017 1043 1050 1032 1002 983 984 986 981 971 968 947 900 852 837 843 855 879 921 988 1052 1062 1033 975 912 861 839 863 920 974 1017 1032 1022 1011 989 996
1763 1753 1742 1730 1723 1693 1665 1657 1667 1680 1678 1651 1624 1599 1566 1527 1487 1439 1399 1386 1389 1401 1420 1440 1431 1412 1394 1364 1338 1319 1289 1268 1253 1237 1248 1272 1297 1307 1290 1278 1289 1309 1329 1304 1270 1207 1172 1174 1183 1201 1214 1212 1180 1133 1071 1017 1009 1032 1063 1097 1085 1063 1039 1032 1033 1035 1028 1021 997 966 916 878 851 837 837 841 889 949 1015 1038 1029 976 915 866 839 858 894 946 983 992 976 966 974 1008
1773 1761 1763 1755 1740 1705 1681 1672 1673 1681 1672 1650 1619 1596 1555 1505 1462 1434 1432 1432 1435 1448 1470 1465 1454 1417 1383 1362 1334 1300 1288 1290 1284 1272 1277 1299 1327 1337 1330 1322 1323 1348 1354 1321 1262 1230 1227 1245 1256 1266 1254 1232 1180 1117 1056 1036 1049 1068 1103 1135 1129 1111 1101 1086 1089 1082 1077 1068 1040 998 952 911 878 856 834 830 850 906 959 994 998 964 907 855 839 854 883 910 930 942 950 957 986 1024
