Basics/DEM.asc
ncols        598
nrows        650
xllcorner    108.335000000000
yllcorner    32.655000000696
cellsize     0.000833333333
NODATA_value -9999
[rows 588 to 629 of 650, columns 188 to 281 of 598]
550 527 501 507 517 510 494 473 449 439 454 478 495 512 532 536 534 535 541 559 572 556 529 506 497 517 551 578 579 559 560 562 554 545 531 519 508 505 505 514 527 552 591 617 639 655 665 669 677 684 673 656 639 622 596 567 561 579 613 640 673 716 760 790 800 823 837 828 815 798 791 782 776 799 827 858 889 919 931 938 946 942 958 986 1021 1026 1003 970 951 937 918 884 873 893
544 528 504 486 487 486 469 447 437 452 472 488 510 530 550 563 562 557 567 584 599 598 579 563 543 541 573 601 604 601 609 619 609 585 566 551 532 513 506 505 507 516 539 569 589 603 615 627 634 647 636 622 612 597 578 560 561 593 621 642 663 695 728 752 773 795 803 785 765 747 742 737 758 781 793 816 846 878 922 951 971 968 960 962 988 984 962 932 912 906 880 862 862 878
535 519 501 476 462 455 441 436 451 475 495 505 514 535 551 570 579 581 587 606 628 639 644 618 591 575 605 626 635 639 655 662 645 612 582 573 564 547 535 529 522 514 518 526 540 552 564 572 579 584 586 589 581 569 555 552 564 589 613 627 638 653 672 690 710 733 739 732 721 704 703 719 745 758 761 781 810 847 898 941 965 961 935 927 937 943 922 902 886 875 862 843 843 849
519 502 486 464 445 436 436 451 472 494 518 528 534 537 549 566 592 608 609 626 655 680 690 671 633 604 638 665 674 678 682 679 659 627 619 609 598 576 567 555 546 532 517 517 521 525 528 535 537 536 543 556 555 550 548 551 557 568 584 589 599 608 620 633 651 670 679 680 676 681 686 708 719 729 742 768 792 836 874 920 947 937 898 877 907 912 888 871 867 850 834 821 814 825
497 480 460 444 435 449 473 478 488 506 530 547 561 575 570 574 603 623 635 648 678 710 720 705 669 642 663 694 709 716 710 703 678 658 657 646 623 603 584 575 572 565 550 533 533 536 534 528 530 534 536 539 544 547 561 576 568 565 574 589 598 601 606 611 619 628 645 651 655 662 681 692 705 723 746 769 795 827 864 902 933 925 877 855 871 881 860 838 831 819 808 808 824 847
462 447 438 430 437 476 500 513 515 518 532 562 595 611 607 601 604 635 658 678 701 729 741 729 702 679 697 725 751 748 742 726 705 695 684 670 641 617 605 609 609 592 572 557 564 568 557 560 563 557 553 553 558 577 603 617 608 589 576 598 619 631 641 642 635 629 633 646 663 676 683 696 710 733 759 781 809 839 877 894 910 901 870 834 839 847 836 813 797 792 799 819 853 875
430 423 421 423 460 490 515 526 536 534 536 566 614 639 642 627 628 646 679 701 730 757 766 757 732 718 736 765 790 787 775 758 739 729 704 680 654 641 644 641 630 609 581 583 595 588 579 593 594 581 570 585 604 635 658 657 640 609 587 590 613 637 651 665 674 667 662 672 695 710 710 709 718 737 768 792 821 860 895 888 888 874 855 826 814 811 802 785 784 798 817 840 871 901
416 419 426 443 466 508 540 553 558 555 547 561 603 646 662 662 655 665 694 724 758 783 792 794 786 778 791 813 828 828 812 794 781 766 735 707 691 680 682 675 656 627 603 621 617 607 597 615 617 595 578 600 632 665 696 699 656 619 603 592 592 607 623 658 673 679 684 695 718 740 753 742 733 743 767 800 836 877 912 900 858 842 840 821 803 789 779 777 796 815 839 863 890 927
416 417 435 453 478 521 559 584 594 586 574 566 590 642 672 685 687 702 720 755 790 821 834 840 844 866 870 874 869 857 841 827 819 797 768 750 726 720 721 709 683 649 645 648 638 614 616 634 636 619 594 599 636 668 701 709 660 619 608 614 628 614 615 624 647 673 685 702 731 763 783 779 768 763 772 798 839 881 911 895 852 823 811 808 794 778 764 786 812 834 860 886 911 916
414 416 435 451 473 514 560 595 623 623 601 587 585 621 661 681 694 716 747 786 825 848 860 873 889 910 921 927 913 893 873 868 856 839 813 802 776 760 758 743 705 680 683 673 654 628 641 664 666 647 617 609 640 676 705 702 663 625 625 645 665 669 649 625 628 641 661 691 723 753 777 787 792 790 791 818 853 894 914 903 865 836 808 791 779 764 768 797 831 858 876 906 918 908
412 412 430 441 469 502 543 587 630 640 634 612 602 611 639 664 689 730 774 806 826 836 843 853 868 884 904 916 921 920 917 915 905 892 884 853 830 796 779 756 720 713 712 692 663 657 675 707 704 669 641 624 642 691 720 717 674 638 639 665 703 711 697 671 644 639 645 662 684 715 745 772 789 798 812 838 874 916 936 924 890 858 834 809 779 761 770 803 846 861 868 887 891 873
406 414 436 462 475 499 525 569 619 647 640 627 621 628 644 673 701 746 772 785 793 791 797 801 812 830 855 890 909 917 923 925 925 917 899 886 868 828 800 766 752 762 753 724 692 683 713 740 733 698 657 636 653 694 737 735 691 655 651 687 739 759 730 686 676 674 666 663 676 694 716 737 760 791 819 842 878 916 938 927 902 887 860 827 788 755 760 798 828 834 827 827 824 809
405 427 453 487 512 517 528 557 591 611 613 611 616 630 654 683 727 748 749 755 739 743 746 751 761 779 820 849 867 876 879 887 890 884 877 868 853 837 830 812 802 803 788 745 722 717 728 761 751 719 691 666 660 697 743 746 716 672 659 688 748 773 740 707 708 703 692 693 695 696 714 732 747 770 801 836 881 909 905 893 893 883 861 837 794 752 746 770 789 783 774 774 777 782
427 443 462 495 533 545 554 556 571 579 565 571 591 629 652 683 720 727 712 690 677 691 696 712 723 750 801 820 824 823 826 838 846 841 829 822 829 837 851 855 853 834 816 779 755 743 751 775 782 770 734 700 681 700 748 759 746 702 675 680 742 773 753 729 736 730 709 713 723 733 739 754 779 783 804 840 871 904 898 868 838 835 836 823 790 753 734 748 751 754 756 766 774 788
435 449 467 494 518 547 569 572 556 544 535 550 580 606 648 682 703 697 664 637 635 638 658 677 709 753 798 813 805 783 783 799 808 799 786 782 793 824 863 880 893 877 849 821 797 778 781 809 832 806 759 728 714 718 755 786 786 742 695 686 736 773 766 750 764 759 736 724 740 760 772 786 814 828 838 845 866 896 898 882 837 796 787 795 770 735 720 737 753 765 781 788 793 805
421 437 463 486 501 524 541 546 539 522 535 564 592 608 634 668 679 662 632 609 598 612 642 677 707 750 796 807 785 753 746 758 768 763 749 755 777 811 847 887 901 900 896 876 850 829 823 850 857 823 777 756 742 747 776 811 814 771 725 700 725 770 777 794 792 778 755 755 765 783 803 813 835 854 862 852 853 868 887 879 858 804 768 746 736 715 726 746 760 789 815 834 827 823
428 427 446 467 483 506 513 522 515 509 537 568 582 595 619 647 646 630 601 582 580 602 628 660 699 746 788 792 765 731 712 720 728 724 718 726 762 795 834 868 893 909 917 923 905 883 869 878 880 846 810 793 777 785 806 840 838 790 740 722 730 771 804 832 830 810 786 785 797 812 828 843 843 858 864 851 824 820 845 859 855 821 770 739 708 716 740 758 765 790 821 837 839 848
453 447 444 457 473 485 499 502 493 491 520 533 545 554 580 606 613 603 575 557 563 587 616 650 692 733 767 766 745 711 686 686 692 690 682 706 740 776 813 839 862 891 919 929 935 931 930 934 925 896 858 837 826 825 845 864 856 801 758 741 748 778 822 858 864 841 821 817 823 831 842 838 836 835 840 827 808 779 787 816 830 815 767 722 697 707 755 784 783 782 799 814 840 857
470 464 471 480 479 477 469 474 466 481 497 501 496 513 542 561 575 576 554 535 547 574 609 651 672 692 716 731 730 694 661 654 657 655 664 694 727 767 794 810 827 850 881 913 934 947 944 947 941 933 915 896 887 880 888 881 856 803 782 770 770 792 840 878 882 848 824 812 801 806 814 804 796 806 826 826 813 774 747 757 779 771 736 694 678 705 759 804 821 817 812 826 841 863
487 480 494 502 497 483 468 453 451 458 470 467 473 486 504 523 537 535 522 515 544 573 613 631 649 649 683 720 718 691 648 629 628 642 664 692 725 760 776 780 790 814 844 876 894 903 906 910 933 935 939 931 926 931 924 898 864 823 809 803 792 815 864 882 874 834 798 774 760 751 760 755 760 782 799 808 806 785 756 734 724 716 684 661 663 696 746 800 825 833 839 854 868 894
504 495 492 493 481 464 455 444 435 433 438 441 447 454 466 486 499 500 499 509 537 571 598 608 599 607 651 684 698 678 640 614 614 632 664 697 730 755 762 757 761 783 813 840 855 850 845 855 875 892 896 905 920 932 938 926 906 870 845 828 820 840 863 878 843 815 797 788 765 743 727 720 739 756 764 781 793 787 770 744 714 692 655 648 664 691 722 765 797 828 857 879 899 923
492 484 470 454 435 432 433 433 433 434 443 448 442 442 442 453 469 477 482 502 522 547 553 555 556 583 615 641 646 645 627 596 595 630 659 692 724 740 741 731 735 756 781 800 804 796 797 805 821 835 840 851 872 901 932 942 933 915 889 867 856 869 875 869 848 841 839 825 799 772 738 714 700 715 728 749 776 786 768 739 702 660 647 646 670 695 720 742 777 813 852 880 904 931
448 434 428 420 422 428 435 434 452 477 485 488 485 470 457 447 457 462 463 477 492 512 514 515 536 560 575 583 597 606 596 573 582 611 644 678 702 715 705 704 711 734 751 757 760 755 761 767 780 780 795 811 840 878 914 942 947 945 925 903 905 904 906 897 898 891 879 857 831 807 779 741 704 680 684 715 736 745 734 706 666 640 643 661 676 696 724 747 765 800 838 870 904 923
409 416 420 432 446 454 460 477 504 533 547 548 537 519 495 481 464 461 464 463 468 479 492 502 520 533 535 548 569 576 564 545 571 597 626 659 674 681 670 679 691 711 725 725 725 722 725 733 732 744 766 790 822 860 897 932 957 965 959 949 951 945 944 949 943 920 905 882 876 857 818 774 729 693 664 670 696 704 691 663 640 639 662 690 695 707 733 763 789 807 833 867 907 916
423 445 471 472 485 490 486 490 515 546 565 583 577 550 524 516 510 502 485 473 463 465 469 476 486 497 507 520 542 551 538 537 558 584 615 642 650 645 649 664 672 684 691 697 695 691 698 692 707 731 752 781 816 855 890 929 964 985 993 997 993 990 991 974 956 921 892 873 870 855 824 790 750 714 679 654 657 662 649 631 637 664 682 713 727 734 739 779 818 847 856 885 897 906
458 499 525 533 532 520 513 507 514 543 577 598 590 561 547 551 546 530 513 501 500 481 475 471 471 473 483 494 509 522 521 527 549 569 590 612 613 617 628 643 650 656 668 676 674 664 662 678 705 736 760 792 818 849 882 915 945 978 998 1018 1036 1043 1023 995 954 900 865 830 809 800 791 773 748 723 689 658 639 631 621 631 655 672 694 722 740 755 758 787 831 870 892 900 891 876
495 538 571 590 583 564 548 532 538 558 594 609 601 578 553 570 565 542 546 547 532 512 500 502 492 486 480 483 493 499 502 512 529 545 559 573 584 597 608 616 623 633 648 652 643 635 649 676 711 734 759 786 815 844 861 891 918 946 975 1004 1029 1042 1037 991 941 902 852 818 782 764 749 738 729 711 683 654 632 620 611 635 664 688 710 735 760 778 777 792 834 875 907 897 874 829
536 582 620 641 642 617 586 567 566 576 616 635 632 603 589 577 571 564 581 578 552 532 538 546 529 513 505 505 506 512 509 505 512 524 531 544 560 577 586 589 598 612 624 624 617 627 648 680 700 714 732 760 787 815 830 855 886 919 946 969 993 1018 1014 986 940 894 852 818 801 783 754 734 718 699 680 661 632 614 611 633 657 683 712 737 762 788 805 809 832 875 897 878 836 803
585 625 659 677 681 667 644 628 603 604 629 654 655 632 608 597 579 588 592 587 558 562 577 575 549 535 529 543 543 540 538 542 544 533 528 530 542 551 558 566 574 586 599 599 601 628 643 664 674 683 706 729 754 773 799 830 866 897 919 938 955 972 980 965 936 895 853 818 794 773 752 731 715 701 688 666 634 604 606 634 653 670 698 726 755 792 807 829 844 863 880 865 854 820
586 617 652 673 688 692 695 691 678 659 663 681 681 667 633 611 602 611 606 595 572 593 595 578 558 558 565 578 594 574 566 577 592 590 564 547 542 545 546 546 555 565 575 584 597 613 627 645 664 676 692 713 732 753 785 820 845 869 881 891 904 920 929 926 904 873 839 807 778 754 737 720 700 683 669 648 618 597 614 649 678 690 711 734 752 776 818 846 858 839 844 853 849 828
561 575 601 632 660 680 704 721 713 710 713 730 728 706 674 652 649 641 631 614 603 593 600 585 588 586 587 612 625 612 589 590 613 614 590 574 568 575 576 565 554 558 561 570 585 596 612 632 647 665 684 703 722 742 778 807 824 828 836 843 857 872 882 881 866 846 819 790 766 743 722 701 682 660 643 626 605 596 618 659 701 731 740 761 791 800 811 837 838 819 799 805 816 807
505 530 550 575 604 640 676 694 699 704 731 754 744 716 706 702 704 694 678 649 629 620 611 618 625 626 635 638 651 637 613 610 625 629 617 598 599 605 614 608 591 583 586 587 585 590 598 615 633 656 672 688 710 742 771 784 794 787 794 806 820 840 844 844 824 808 789 767 743 721 700 680 660 643 631 615 600 591 618 668 715 750 759 784 804 805 802 809 803 792 765 758 762 752
479 493 521 528 560 602 626 639 645 666 706 723 712 699 693 701 725 736 733 710 679 656 649 654 661 676 690 686 674 660 646 652 659 660 648 635 636 642 649 643 626 628 627 630 627 616 605 605 618 636 654 673 702 730 749 756 754 754 766 782 811 830 828 810 792 777 757 732 714 696 676 656 641 627 616 604 589 583 621 664 696 729 754 783 807 788 768 777 787 795 767 738 718 699
447 468 477 501 535 577 587 586 589 618 642 656 642 634 651 688 736 763 755 730 712 705 702 705 707 719 735 741 725 715 708 707 710 708 696 686 689 683 675 668 670 667 667 664 662 660 641 628 617 618 635 660 683 706 722 719 723 745 765 788 802 826 824 805 779 760 738 730 716 700 681 669 662 645 618 598 582 582 613 650 672 702 736 774 787 767 731 744 779 792 761 736 708 672
425 434 453 484 528 552 552 538 555 586 594 588 572 587 627 683 714 731 724 712 708 715 720 716 710 714 757 775 766 760 759 776 778 766 752 751 750 741 721 711 711 712 708 698 693 688 672 656 650 644 634 644 660 678 686 699 717 743 768 782 801 817 815 810 788 763 738 729 714 701 698 698 692 671 638 596 575 580 607 637 663 686 726 772 778 741 700 715 752 763 736 717 692 652
400 421 447 482 509 520 509 505 538 555 550 528 540 578 634 676 687 683 668 659 671 674 676 658 671 708 766 772 764 751 768 802 818 811 792 785 787 769 760 757 764 768 755 737 729 719 705 691 684 683 671 654 651 658 670 695 713 740 762 772 785 800 814 822 800 772 741 720 703 692 684 676 672 660 635 597 576 573 601 633 652 675 722 758 760 717 671 693 718 721 696 677 658 625
394 418 456 477 488 483 476 499 518 526 508 510 537 586 640 663 659 632 615 632 638 630 614 615 643 703 752 755 723 706 733 772 796 803 786 775 764 762 772 769 775 787 787 780 770 763 747 730 722 720 717 698 684 677 678 686 705 727 739 754 770 791 812 824 809 776 751 726 711 694 673 653 631 628 614 599 580 569 585 618 638 662 699 725 713 682 650 673 695 683 658 643 629 607
399 419 451 469 463 463 470 491 503 485 482 506 543 595 621 623 601 585 590 612 607 585 567 581 625 681 713 709 673 655 680 713 757 771 752 716 710 718 724 728 748 777 794 808 788 774 754 744 750 749 743 734 717 709 707 701 700 716 739 766 778 792 816 833 826 795 769 749 723 702 684 664 651 634 627 612 594 565 569 592 615 652 670 678 673 649 631 643 658 636 616 610 600 590
399 409 435 444 449 455 465 472 464 468 491 525 558 578 592 575 550 540 568 583 572 548 537 565 605 647 663 650 622 612 636 691 740 753 735 691 655 659 667 687 715 765 798 816 783 758 737 743 767 786 774 765 749 740 735 729 721 732 757 788 812 817 821 846 845 823 791 768 743 725 715 693 671 650 635 620 591 566 564 572 599 627 644 639 637 627 612 606 607 587 586 588 586 603
412 402 422 440 452 455 446 449 447 474 513 543 577 576 568 540 519 526 556 557 543 524 524 556 587 605 611 589 581 588 629 670 718 743 722 685 636 620 641 656 713 760 781 781 754 721 706 725 774 800 812 806 789 775 763 749 738 749 773 796 826 838 841 853 858 840 818 796 785 775 756 727 696 666 645 625 602 579 557 558 573 592 601 598 595 591 584 576 569 571 579 585 606 640
430 402 409 421 423 432 428 425 437 467 510 542 576 578 555 523 497 519 545 540 514 510 522 546 574 581 566 551 548 585 619 658 693 701 691 667 630 603 608 647 704 746 755 738 708 678 677 705 752 799 822 825 820 815 795 777 766 763 783 811 830 847 852 849 858 843 826 825 835 821 794 758 721 693 674 646 621 592 566 550 553 560 566 562 561 562 563 565 572 587 597 612 639 677
459 422 402 406 413 413 413 413 413 435 476 511 556 573 561 514 490 504 533 530 494 491 506 526 543 549 540 521 537 567 599 632 658 659 643 631 606 584 591 625 672 692 697 678 655 646 664 687 735 785 805 820 824 823 819 815 797 794 803 810 819 840 855 854 830 819 817 827 847 841 815 780 765 750 719 682 644 617 585 560 544 549 548 550 559 566 567 577 595 611 624 640 661 697
