Basics/DEM.asc
ncols        598
nrows        650
xllcorner    108.335000000000
yllcorner    32.655000000696
cellsize     0.000833333333
NODATA_value -9999
[rows 42 to 83 of 650, columns 282 to 375 of 598]
1628 1638 1669 1709 1751 1780 1800 1786 1782 1802 1828 1859 1885 1915 1924 1915 1887 1858 1832 1816 1817 1817 1800 1777 1766 1761 1762 1769 1760 1735 1694 1647 1602 1562 1520 1481 1456 1472 1503 1550 1602 1658 1684 1682 1677 1667 1670 1656 1655 1667 1682 1703 1717 1724 1731 1756 1787 1811 1822 1812 1790 1778 1784 1802 1821 1841 1851 1848 1846 1848 1864 1883 1902 1926 1943 1952 1952 1941 1924 1893 1857 1824 1796 1773 1746 1729 1723 1730 1731 1744 1796 1825 1819 1797
1693 1690 1703 1737 1775 1813 1835 1832 1814 1801 1818 1837 1866 1895 1904 1887 1858 1829 1809 1798 1791 1789 1780 1771 1765 1748 1722 1705 1712 1705 1675 1640 1607 1575 1536 1497 1469 1473 1495 1535 1586 1633 1655 1644 1630 1606 1592 1593 1604 1612 1625 1645 1664 1680 1699 1726 1751 1768 1773 1774 1757 1753 1765 1782 1798 1818 1829 1821 1809 1818 1837 1849 1871 1895 1918 1935 1947 1941 1937 1919 1891 1855 1824 1798 1773 1769 1770 1769 1766 1773 1810 1835 1832 1803
1756 1757 1759 1773 1807 1844 1864 1859 1835 1836 1836 1845 1865 1882 1889 1865 1840 1827 1819 1818 1804 1793 1786 1787 1785 1762 1730 1686 1660 1650 1645 1619 1603 1574 1539 1507 1493 1477 1481 1504 1545 1584 1594 1587 1567 1559 1561 1570 1582 1590 1595 1608 1628 1647 1663 1686 1705 1717 1726 1724 1725 1732 1745 1761 1775 1787 1800 1794 1792 1807 1815 1833 1851 1871 1890 1901 1907 1918 1927 1921 1909 1886 1851 1826 1818 1811 1811 1809 1813 1815 1833 1857 1850 1816
1783 1803 1815 1828 1855 1878 1885 1875 1856 1863 1871 1874 1883 1884 1882 1864 1853 1852 1858 1847 1836 1824 1821 1816 1793 1765 1718 1683 1652 1621 1602 1587 1574 1556 1532 1512 1504 1502 1484 1487 1502 1526 1542 1542 1549 1560 1581 1598 1607 1616 1629 1631 1627 1632 1644 1655 1663 1677 1681 1687 1692 1700 1716 1730 1743 1754 1763 1765 1774 1787 1801 1821 1844 1856 1869 1875 1874 1879 1890 1899 1897 1887 1881 1882 1866 1860 1858 1863 1865 1871 1877 1874 1865 1834
1794 1833 1863 1885 1900 1914 1910 1893 1886 1884 1894 1911 1906 1898 1888 1883 1882 1885 1894 1884 1866 1858 1854 1836 1805 1759 1721 1688 1662 1644 1619 1595 1575 1558 1543 1538 1530 1519 1509 1506 1497 1504 1520 1535 1554 1582 1624 1648 1661 1666 1678 1678 1670 1662 1658 1655 1655 1656 1662 1666 1672 1678 1688 1700 1716 1720 1731 1736 1750 1764 1783 1803 1825 1839 1851 1862 1863 1851 1853 1858 1871 1881 1890 1895 1901 1900 1902 1909 1916 1912 1908 1898 1873 1866
1798 1852 1897 1927 1940 1939 1932 1918 1913 1910 1919 1930 1922 1909 1907 1909 1914 1920 1919 1908 1890 1885 1872 1852 1814 1783 1756 1734 1706 1676 1648 1618 1596 1583 1576 1566 1548 1529 1535 1544 1540 1526 1527 1536 1557 1593 1634 1677 1701 1716 1729 1725 1716 1706 1698 1687 1677 1680 1688 1690 1693 1695 1689 1693 1693 1706 1715 1721 1725 1738 1748 1768 1787 1806 1825 1845 1845 1835 1827 1825 1835 1848 1867 1882 1897 1902 1906 1916 1925 1912 1894 1874 1859 1856
1824 1869 1916 1950 1970 1966 1960 1955 1946 1945 1953 1949 1944 1931 1929 1932 1944 1950 1946 1928 1901 1903 1893 1872 1842 1818 1802 1781 1745 1705 1669 1644 1637 1619 1599 1582 1553 1544 1559 1577 1575 1556 1551 1552 1561 1584 1617 1655 1694 1722 1740 1750 1747 1738 1725 1704 1691 1700 1719 1731 1735 1730 1715 1701 1711 1727 1742 1744 1748 1740 1741 1746 1756 1771 1787 1804 1810 1804 1798 1798 1809 1822 1839 1856 1862 1872 1887 1892 1900 1876 1852 1809 1795 1795
1868 1899 1938 1975 1992 1992 1988 1983 1979 1985 1990 1983 1970 1958 1957 1962 1969 1970 1962 1940 1908 1887 1877 1866 1843 1815 1800 1780 1751 1720 1699 1677 1664 1642 1619 1583 1563 1561 1579 1602 1598 1585 1574 1576 1584 1582 1598 1622 1659 1694 1724 1745 1754 1753 1729 1708 1697 1719 1747 1766 1780 1769 1744 1722 1724 1752 1775 1786 1777 1765 1757 1750 1749 1755 1763 1771 1781 1782 1786 1802 1811 1814 1826 1836 1846 1867 1873 1869 1856 1846 1817 1784 1734 1723
1930 1948 1965 1983 1986 1982 1977 1974 1981 1991 2003 2001 2000 1994 1982 1968 1966 1962 1958 1942 1911 1877 1851 1830 1810 1789 1765 1749 1738 1723 1706 1685 1658 1635 1609 1584 1576 1580 1590 1612 1617 1610 1606 1605 1609 1616 1620 1621 1639 1671 1703 1725 1748 1748 1734 1718 1710 1719 1747 1777 1796 1790 1754 1735 1737 1762 1796 1813 1805 1789 1774 1776 1784 1776 1774 1769 1769 1777 1796 1820 1836 1830 1828 1838 1849 1857 1860 1844 1822 1810 1798 1770 1714 1666
1948 1958 1967 1967 1959 1943 1932 1932 1948 1965 1987 2002 2009 2014 2003 1976 1951 1936 1932 1917 1886 1866 1849 1828 1804 1774 1752 1729 1714 1703 1687 1664 1639 1621 1604 1603 1609 1605 1607 1625 1631 1639 1637 1636 1636 1642 1651 1654 1653 1668 1695 1719 1743 1749 1748 1734 1721 1726 1745 1768 1790 1787 1760 1743 1757 1776 1803 1823 1826 1801 1792 1806 1814 1810 1807 1806 1790 1786 1804 1830 1839 1830 1820 1827 1824 1812 1809 1785 1770 1768 1771 1748 1696 1651
1941 1931 1920 1917 1912 1897 1887 1886 1899 1924 1950 1970 1987 2006 2005 1973 1940 1915 1906 1889 1864 1842 1831 1816 1799 1796 1780 1755 1730 1709 1692 1677 1662 1655 1644 1642 1642 1641 1640 1643 1655 1668 1678 1675 1664 1666 1677 1691 1686 1684 1711 1732 1754 1767 1771 1751 1737 1736 1751 1775 1791 1790 1770 1766 1779 1797 1821 1837 1835 1816 1809 1821 1829 1828 1840 1831 1813 1796 1811 1826 1816 1789 1771 1774 1764 1747 1723 1716 1721 1736 1748 1726 1683 1634
1935 1925 1897 1874 1854 1844 1833 1830 1857 1890 1914 1933 1957 1991 1997 1967 1931 1890 1873 1851 1828 1812 1791 1773 1781 1781 1773 1762 1754 1742 1732 1720 1711 1701 1689 1686 1684 1679 1673 1679 1693 1706 1716 1712 1701 1696 1704 1718 1718 1712 1717 1749 1773 1791 1786 1766 1756 1754 1765 1784 1800 1800 1789 1784 1794 1815 1839 1854 1850 1837 1821 1812 1819 1821 1831 1825 1814 1815 1812 1814 1803 1758 1713 1700 1707 1696 1680 1665 1671 1688 1717 1698 1671 1623
1938 1932 1899 1865 1837 1799 1775 1787 1813 1850 1875 1896 1928 1962 1970 1945 1904 1862 1830 1794 1786 1783 1776 1752 1719 1710 1736 1738 1760 1781 1772 1762 1756 1745 1734 1733 1725 1715 1710 1719 1736 1748 1749 1747 1739 1730 1733 1741 1743 1732 1737 1759 1785 1804 1797 1786 1780 1773 1776 1799 1814 1812 1800 1791 1792 1817 1847 1870 1856 1842 1824 1799 1779 1778 1791 1800 1807 1823 1815 1793 1764 1727 1689 1654 1644 1653 1635 1620 1631 1643 1666 1666 1659 1629
1945 1928 1888 1851 1813 1788 1752 1743 1778 1808 1835 1865 1895 1934 1940 1909 1865 1815 1769 1729 1721 1743 1746 1740 1701 1678 1665 1714 1771 1795 1805 1808 1796 1787 1778 1776 1771 1759 1751 1761 1781 1796 1796 1787 1778 1770 1773 1765 1751 1733 1738 1754 1781 1802 1805 1808 1802 1790 1785 1788 1802 1799 1794 1776 1770 1792 1833 1856 1839 1816 1794 1765 1739 1734 1743 1766 1806 1834 1821 1785 1738 1704 1663 1629 1604 1594 1587 1581 1591 1598 1611 1637 1648 1632
1951 1926 1874 1830 1786 1750 1728 1718 1735 1774 1803 1823 1863 1900 1910 1878 1839 1785 1725 1683 1648 1667 1692 1702 1678 1636 1629 1673 1728 1780 1801 1813 1825 1826 1825 1807 1797 1785 1786 1793 1793 1781 1780 1773 1762 1767 1772 1763 1735 1706 1708 1724 1755 1782 1801 1823 1805 1782 1770 1762 1752 1750 1744 1731 1723 1760 1812 1830 1815 1779 1753 1735 1706 1705 1715 1754 1791 1816 1803 1772 1731 1693 1656 1623 1587 1558 1540 1546 1557 1562 1562 1595 1617 1621
1946 1910 1868 1812 1768 1718 1683 1685 1702 1730 1754 1779 1821 1852 1864 1851 1827 1770 1726 1674 1634 1603 1622 1638 1621 1596 1595 1636 1684 1726 1759 1784 1818 1831 1840 1816 1774 1759 1766 1769 1773 1750 1721 1692 1694 1700 1709 1705 1685 1656 1654 1667 1701 1748 1792 1818 1805 1765 1724 1701 1686 1679 1679 1667 1680 1719 1769 1791 1782 1768 1740 1705 1681 1676 1702 1753 1763 1771 1771 1758 1747 1705 1662 1625 1591 1559 1535 1509 1516 1522 1526 1558 1574 1587
1912 1881 1841 1798 1754 1707 1672 1642 1657 1682 1706 1740 1771 1797 1807 1818 1805 1760 1726 1685 1633 1587 1569 1576 1568 1554 1568 1602 1637 1680 1713 1741 1753 1757 1764 1751 1713 1694 1676 1700 1720 1730 1704 1655 1622 1641 1654 1653 1628 1607 1598 1639 1685 1728 1760 1800 1789 1762 1719 1669 1636 1619 1621 1621 1641 1671 1717 1734 1734 1727 1706 1674 1645 1653 1694 1742 1746 1734 1739 1750 1747 1726 1678 1637 1598 1566 1533 1498 1488 1493 1500 1535 1543 1535
1898 1846 1803 1770 1736 1706 1664 1625 1619 1636 1665 1702 1727 1743 1758 1777 1771 1734 1705 1678 1635 1582 1545 1526 1514 1515 1528 1559 1599 1631 1659 1687 1694 1697 1684 1663 1660 1638 1625 1639 1671 1704 1685 1636 1590 1583 1597 1604 1579 1561 1574 1618 1675 1713 1727 1753 1762 1735 1695 1672 1633 1596 1582 1585 1600 1631 1670 1696 1697 1672 1657 1631 1614 1632 1682 1709 1710 1695 1700 1734 1747 1743 1700 1649 1605 1570 1533 1498 1464 1463 1476 1499 1509 1510
1864 1815 1776 1732 1702 1680 1644 1611 1590 1603 1632 1662 1678 1684 1706 1741 1732 1703 1661 1632 1611 1571 1536 1508 1481 1474 1495 1526 1561 1583 1605 1609 1644 1663 1648 1623 1595 1587 1573 1580 1617 1648 1661 1620 1565 1543 1548 1547 1538 1529 1556 1607 1647 1670 1682 1700 1715 1701 1668 1641 1614 1582 1560 1557 1577 1593 1630 1658 1667 1637 1611 1594 1593 1616 1658 1683 1665 1653 1670 1709 1738 1735 1693 1650 1602 1559 1523 1489 1464 1435 1445 1453 1463 1475
1826 1792 1749 1703 1664 1631 1610 1581 1561 1566 1590 1611 1622 1632 1658 1688 1693 1673 1627 1592 1572 1554 1533 1503 1468 1446 1461 1488 1512 1528 1532 1552 1588 1621 1627 1602 1562 1538 1522 1529 1559 1594 1603 1581 1538 1502 1509 1509 1500 1499 1535 1581 1604 1610 1614 1659 1684 1667 1628 1600 1585 1562 1537 1532 1549 1579 1623 1631 1631 1615 1589 1564 1574 1603 1623 1632 1622 1622 1647 1692 1726 1721 1684 1641 1596 1559 1523 1486 1464 1431 1417 1422 1420 1431
1788 1771 1734 1684 1644 1611 1580 1547 1530 1532 1548 1568 1575 1589 1617 1652 1674 1666 1618 1574 1542 1519 1516 1492 1463 1425 1430 1447 1460 1472 1476 1500 1532 1571 1597 1582 1538 1504 1488 1496 1525 1556 1552 1532 1496 1475 1473 1472 1463 1477 1519 1550 1562 1566 1573 1622 1645 1639 1596 1565 1550 1532 1517 1507 1531 1569 1621 1625 1597 1575 1560 1543 1547 1575 1592 1585 1582 1603 1643 1684 1724 1726 1677 1633 1591 1564 1543 1508 1477 1440 1410 1386 1387 1396
1743 1736 1713 1673 1627 1593 1564 1539 1504 1498 1506 1523 1532 1557 1588 1624 1661 1653 1629 1582 1535 1499 1468 1464 1442 1413 1405 1411 1419 1433 1450 1473 1494 1528 1554 1553 1529 1478 1449 1462 1488 1512 1513 1492 1461 1436 1427 1428 1429 1464 1510 1534 1533 1519 1542 1592 1630 1623 1585 1534 1512 1502 1486 1490 1520 1559 1605 1619 1585 1549 1524 1507 1514 1531 1541 1545 1564 1604 1632 1672 1719 1723 1686 1632 1594 1571 1555 1536 1500 1457 1420 1388 1358 1357
1697 1684 1674 1650 1610 1576 1541 1512 1489 1468 1479 1490 1512 1539 1566 1591 1622 1633 1626 1583 1541 1501 1462 1428 1412 1402 1381 1379 1392 1408 1427 1443 1461 1489 1521 1532 1518 1468 1422 1420 1439 1462 1465 1458 1425 1401 1390 1390 1412 1462 1499 1512 1497 1476 1511 1559 1579 1583 1550 1518 1486 1467 1465 1472 1515 1547 1577 1593 1571 1539 1514 1489 1479 1491 1503 1522 1555 1586 1622 1661 1702 1712 1675 1628 1589 1554 1540 1527 1504 1476 1439 1404 1368 1342
1652 1637 1626 1612 1585 1557 1523 1489 1466 1451 1465 1487 1517 1530 1542 1556 1577 1591 1600 1564 1527 1491 1468 1439 1412 1390 1364 1355 1365 1378 1395 1405 1426 1450 1477 1499 1508 1472 1420 1383 1388 1410 1428 1428 1401 1370 1360 1370 1406 1455 1481 1475 1446 1440 1485 1538 1549 1522 1500 1481 1460 1448 1445 1464 1505 1531 1540 1544 1538 1520 1490 1474 1462 1480 1505 1532 1553 1576 1614 1657 1691 1689 1653 1605 1573 1540 1510 1492 1489 1467 1436 1402 1371 1345
1604 1589 1580 1580 1565 1542 1516 1469 1442 1434 1458 1492 1504 1514 1507 1523 1551 1559 1550 1528 1504 1488 1467 1440 1406 1381 1355 1334 1331 1346 1354 1378 1399 1420 1443 1469 1482 1450 1419 1377 1357 1363 1388 1400 1379 1344 1335 1354 1391 1444 1459 1435 1403 1404 1461 1525 1527 1504 1459 1430 1424 1412 1416 1445 1477 1493 1491 1486 1488 1477 1460 1446 1441 1468 1505 1533 1557 1585 1615 1656 1698 1688 1640 1589 1556 1530 1502 1472 1453 1440 1413 1392 1367 1343
1548 1543 1532 1540 1534 1525 1502 1459 1417 1419 1445 1472 1471 1469 1486 1514 1550 1551 1523 1501 1486 1470 1451 1428 1398 1371 1342 1315 1307 1320 1332 1360 1387 1410 1444 1463 1452 1425 1397 1368 1336 1335 1345 1361 1345 1322 1314 1333 1363 1395 1409 1381 1357 1379 1434 1480 1507 1484 1453 1416 1390 1381 1396 1416 1434 1439 1438 1433 1430 1431 1417 1414 1427 1464 1497 1527 1560 1595 1621 1662 1698 1693 1646 1598 1565 1531 1501 1477 1449 1425 1409 1390 1372 1364
1496 1495 1492 1499 1494 1485 1468 1428 1390 1385 1403 1418 1434 1458 1484 1523 1560 1565 1531 1494 1471 1446 1425 1403 1385 1366 1335 1302 1291 1299 1321 1353 1384 1415 1439 1460 1442 1403 1370 1342 1320 1310 1312 1319 1311 1298 1297 1312 1341 1354 1358 1339 1329 1351 1402 1437 1451 1449 1429 1399 1369 1353 1367 1382 1386 1392 1388 1390 1390 1386 1392 1406 1425 1455 1488 1519 1553 1588 1623 1662 1701 1703 1665 1621 1587 1554 1514 1486 1467 1459 1434 1419 1408 1396
1453 1459 1457 1465 1465 1455 1433 1411 1370 1360 1364 1395 1431 1460 1504 1536 1557 1560 1529 1499 1461 1432 1405 1380 1366 1355 1333 1296 1273 1285 1316 1347 1379 1400 1418 1439 1436 1398 1367 1337 1305 1288 1287 1288 1281 1277 1278 1297 1328 1340 1326 1307 1301 1328 1360 1384 1387 1386 1384 1362 1345 1332 1334 1346 1343 1345 1348 1350 1359 1369 1388 1404 1434 1454 1485 1518 1553 1586 1621 1661 1687 1694 1664 1635 1605 1568 1545 1532 1512 1494 1476 1464 1445 1426
1410 1415 1423 1438 1437 1430 1404 1383 1355 1329 1357 1393 1435 1474 1511 1525 1536 1534 1521 1488 1456 1415 1383 1351 1331 1320 1308 1281 1259 1275 1310 1347 1371 1387 1390 1419 1426 1393 1357 1334 1311 1287 1266 1264 1260 1255 1264 1287 1324 1332 1307 1282 1285 1301 1319 1327 1336 1334 1336 1327 1318 1314 1312 1310 1308 1315 1322 1342 1359 1383 1400 1421 1441 1461 1482 1513 1547 1581 1616 1640 1653 1652 1639 1624 1615 1613 1599 1584 1560 1539 1524 1510 1489 1457
1375 1377 1387 1403 1428 1417 1373 1345 1317 1312 1352 1401 1443 1470 1496 1497 1501 1511 1506 1472 1437 1400 1363 1336 1312 1289 1273 1259 1245 1265 1297 1321 1341 1352 1364 1413 1425 1397 1353 1331 1307 1281 1258 1244 1238 1240 1252 1282 1302 1305 1285 1265 1268 1280 1287 1284 1290 1293 1294 1296 1295 1294 1288 1297 1309 1324 1341 1351 1377 1401 1420 1433 1457 1473 1499 1520 1550 1579 1604 1612 1609 1597 1593 1595 1601 1607 1601 1595 1586 1579 1576 1553 1528 1494
1349 1343 1357 1374 1405 1398 1350 1317 1284 1304 1350 1404 1431 1444 1451 1453 1466 1499 1502 1475 1434 1392 1360 1329 1301 1281 1261 1241 1233 1258 1282 1295 1317 1337 1362 1397 1422 1408 1364 1332 1306 1281 1255 1234 1222 1227 1242 1264 1274 1272 1258 1246 1247 1258 1256 1257 1259 1257 1255 1261 1268 1270 1287 1309 1336 1362 1366 1374 1395 1423 1444 1451 1464 1494 1514 1542 1573 1603 1607 1597 1578 1552 1543 1550 1550 1554 1559 1566 1580 1588 1599 1588 1561 1537
1349 1319 1322 1348 1369 1361 1321 1280 1264 1300 1355 1392 1409 1410 1411 1427 1452 1488 1508 1488 1441 1402 1363 1328 1299 1281 1262 1231 1216 1236 1260 1280 1311 1329 1343 1374 1407 1412 1392 1346 1306 1280 1258 1234 1211 1212 1226 1240 1243 1243 1233 1227 1217 1221 1218 1228 1230 1229 1235 1243 1250 1273 1293 1322 1351 1390 1401 1398 1412 1440 1467 1478 1484 1503 1536 1571 1607 1630 1627 1596 1559 1532 1507 1502 1512 1511 1510 1520 1537 1563 1587 1586 1572 1563
1367 1327 1301 1307 1331 1321 1280 1253 1260 1302 1336 1364 1367 1384 1405 1431 1454 1488 1514 1503 1457 1415 1369 1332 1302 1272 1248 1221 1202 1218 1241 1265 1286 1300 1318 1347 1389 1411 1401 1358 1322 1289 1262 1237 1210 1194 1204 1209 1206 1207 1212 1207 1201 1194 1204 1213 1222 1235 1249 1255 1262 1270 1291 1315 1348 1384 1405 1423 1431 1453 1481 1502 1516 1531 1553 1584 1612 1627 1616 1576 1559 1529 1489 1473 1472 1471 1471 1476 1494 1523 1544 1554 1556 1559
1378 1338 1294 1277 1285 1277 1247 1238 1261 1281 1305 1322 1357 1392 1420 1440 1468 1494 1521 1507 1469 1424 1379 1336 1297 1264 1239 1210 1187 1198 1221 1242 1251 1272 1302 1334 1367 1405 1394 1347 1304 1275 1251 1235 1211 1183 1179 1178 1172 1173 1186 1193 1194 1211 1226 1230 1238 1255 1272 1279 1283 1287 1290 1305 1327 1363 1406 1432 1452 1474 1497 1524 1539 1545 1561 1573 1584 1585 1574 1558 1534 1513 1483 1453 1446 1438 1434 1446 1462 1482 1490 1506 1513 1538
1361 1322 1293 1264 1256 1246 1226 1221 1234 1249 1274 1321 1360 1380 1413 1435 1469 1491 1512 1503 1476 1422 1373 1334 1297 1263 1234 1203 1179 1174 1198 1214 1237 1269 1297 1326 1354 1390 1377 1331 1286 1245 1219 1204 1187 1174 1155 1166 1173 1187 1189 1196 1212 1237 1255 1260 1258 1269 1296 1309 1311 1311 1316 1324 1332 1349 1382 1427 1459 1484 1515 1532 1535 1534 1543 1546 1542 1536 1538 1521 1502 1482 1459 1436 1423 1411 1408 1413 1428 1444 1445 1459 1469 1494
1353 1324 1299 1270 1240 1224 1208 1194 1207 1233 1266 1305 1336 1354 1378 1424 1460 1477 1491 1490 1473 1420 1367 1326 1291 1257 1230 1201 1174 1162 1182 1209 1230 1261 1291 1313 1341 1366 1364 1318 1265 1224 1187 1169 1147 1140 1157 1175 1197 1215 1224 1229 1241 1262 1283 1294 1283 1283 1299 1329 1339 1333 1331 1354 1363 1367 1381 1410 1452 1492 1523 1527 1517 1503 1512 1519 1517 1504 1505 1498 1484 1457 1436 1414 1395 1388 1379 1381 1398 1415 1420 1415 1432 1453
1387 1359 1325 1298 1275 1248 1222 1189 1173 1199 1239 1271 1287 1312 1354 1409 1442 1461 1470 1469 1450 1408 1371 1326 1289 1253 1229 1201 1167 1156 1169 1192 1217 1250 1274 1298 1318 1337 1335 1305 1258 1207 1164 1137 1133 1143 1159 1183 1205 1228 1246 1261 1277 1294 1313 1325 1320 1309 1308 1331 1352 1356 1346 1375 1397 1406 1406 1419 1450 1482 1501 1504 1480 1466 1477 1493 1491 1479 1478 1482 1477 1460 1438 1413 1387 1368 1352 1355 1371 1389 1394 1388 1404 1419
1425 1394 1371 1353 1326 1296 1254 1203 1161 1155 1177 1214 1248 1282 1340 1393 1428 1443 1455 1449 1425 1387 1355 1328 1294 1252 1221 1194 1166 1146 1162 1181 1210 1237 1264 1287 1298 1303 1295 1279 1247 1193 1147 1121 1130 1139 1164 1185 1199 1220 1247 1276 1297 1312 1345 1360 1352 1341 1333 1341 1358 1368 1368 1379 1418 1434 1446 1456 1471 1479 1482 1465 1450 1440 1447 1468 1472 1446 1446 1449 1454 1445 1439 1425 1404 1373 1348 1325 1339 1357 1358 1362 1377 1394
1451 1428 1415 1391 1367 1332 1286 1231 1172 1130 1134 1166 1211 1265 1320 1366 1394 1416 1439 1434 1400 1361 1336 1317 1291 1261 1219 1189 1158 1137 1152 1171 1199 1229 1266 1275 1280 1262 1255 1246 1219 1172 1130 1116 1118 1142 1169 1195 1213 1231 1249 1272 1296 1329 1360 1379 1382 1377 1369 1362 1372 1381 1394 1396 1417 1448 1473 1493 1499 1500 1479 1450 1423 1420 1425 1454 1456 1426 1399 1396 1401 1409 1419 1420 1417 1398 1358 1320 1304 1314 1329 1341 1358 1362
1467 1437 1414 1389 1364 1327 1282 1237 1187 1131 1105 1128 1175 1226 1275 1316 1355 1384 1419 1427 1401 1355 1318 1286 1268 1246 1220 1176 1142 1120 1136 1165 1201 1238 1261 1265 1247 1229 1219 1204 1185 1148 1118 1108 1115 1141 1182 1208 1235 1258 1279 1294 1308 1331 1354 1390 1406 1414 1410 1402 1392 1406 1417 1423 1435 1461 1493 1506 1498 1484 1459 1440 1417 1395 1412 1432 1439 1420 1380 1356 1347 1358 1376 1398 1409 1398 1371 1332 1294 1285 1302 1314 1329 1328
1483 1431 1386 1349 1321 1292 1261 1226 1181 1138 1093 1097 1135 1182 1225 1258 1298 1346 1398 1417 1409 1369 1323 1281 1244 1215 1194 1164 1129 1099 1123 1162 1197 1239 1244 1238 1218 1200 1189 1173 1152 1123 1108 1109 1128 1147 1179 1221 1245 1279 1309 1331 1344 1349 1366 1398 1426 1444 1446 1437 1433 1431 1441 1455 1461 1484 1504 1502 1485 1455 1429 1415 1396 1381 1387 1411 1425 1414 1394 1361 1333 1320 1334 1352 1367 1377 1364 1344 1302 1265 1272 1284 1287 1291
1483 1418 1367 1317 1279 1248 1221 1195 1161 1126 1093 1078 1094 1140 1176 1212 1251 1308 1358 1384 1388 1363 1334 1289 1240 1202 1167 1134 1104 1091 1108 1150 1198 1239 1245 1216 1187 1175 1163 1148 1127 1106 1106 1125 1147 1163 1185 1223 1261 1298 1327 1355 1369 1378 1389 1408 1444 1470 1480 1477 1473 1469 1475 1482 1496 1509 1518 1504 1466 1441 1415 1388 1376 1358 1368 1389 1415 1418 1415 1384 1348 1311 1297 1307 1321 1336 1344 1334 1296 1261 1242 1250 1258 1274
