Basics/DEM.asc
ncols        598
nrows        650
xllcorner    108.335000000000
yllcorner    32.655000000696
cellsize     0.000833333333
NODATA_value -9999
[rows 462 to 503 of 650, columns 282 to 375 of 598]
663 665 671 668 654 619 561 516 522 544 551 534 516 511 521 535 542 551 546 521 487 469 463 462 451 444 446 438 430 424 421 413 415 413 413 415 414 412 410 406 401 399 396 391 383 374 365 359 353 349 345 343 340 336 334 331 327 330 329 328 326 323 320 318 319 323 323 322 322 323 322 322 321 320 319 317 314 311 310 308 306 308 313 314 316 318 328 334 339 334 335 338 340 348
693 694 685 667 642 594 552 543 554 563 561 535 527 542 551 562 574 579 569 538 511 502 494 484 467 454 438 435 430 424 420 420 418 420 419 417 416 411 406 402 400 400 396 391 383 373 364 357 355 350 349 343 341 344 343 341 340 336 334 331 329 326 322 321 325 328 329 328 326 325 324 322 321 320 319 318 315 311 309 307 306 309 312 315 315 319 325 337 343 346 341 340 343 349
715 699 683 654 616 584 571 580 575 577 559 537 552 570 585 600 609 606 587 551 537 524 508 486 466 448 440 432 429 429 430 432 432 429 424 419 413 409 402 395 395 393 387 384 376 367 363 366 364 360 352 352 351 353 359 353 347 342 337 333 330 325 323 325 328 330 331 331 329 328 327 325 324 322 319 319 316 312 308 306 307 309 312 314 315 318 321 325 337 341 340 339 341 349
726 703 672 638 616 617 615 603 592 574 558 560 578 602 624 637 629 617 585 560 543 525 495 472 460 449 437 439 444 451 444 442 442 438 432 425 419 410 406 402 395 391 384 375 370 372 374 374 373 370 366 362 363 371 371 362 354 346 338 333 330 326 325 328 332 334 334 333 331 329 328 326 325 323 320 318 315 312 309 306 306 308 310 313 314 318 320 320 324 335 337 337 341 351
736 699 665 653 658 650 647 624 595 584 585 586 606 635 661 660 644 615 583 558 539 510 480 464 456 449 441 449 470 470 459 456 455 453 442 434 426 412 411 405 396 388 382 377 381 382 384 383 383 380 376 376 374 375 375 364 354 346 338 335 328 325 325 330 333 337 337 337 335 332 328 327 326 325 322 318 315 313 310 307 306 306 309 311 312 315 317 318 319 327 334 336 339 350
741 707 690 684 683 667 649 630 611 607 610 617 628 656 672 663 633 600 572 547 518 489 469 462 457 451 450 463 479 481 471 472 473 470 459 446 432 420 405 399 393 395 391 389 393 393 394 394 391 389 388 386 384 379 375 363 353 345 336 336 338 334 331 327 330 335 339 338 338 335 332 328 327 325 321 318 316 314 311 309 306 306 307 308 310 313 315 316 317 323 330 333 337 344
771 746 727 716 702 683 662 644 618 625 636 649 654 667 667 648 612 580 551 524 497 477 466 467 468 466 464 479 492 494 490 493 498 493 474 459 437 424 422 411 406 399 395 394 403 403 402 404 399 397 393 391 386 383 372 359 351 343 348 353 348 344 341 339 338 333 337 339 341 338 334 330 327 325 322 320 317 315 312 310 307 306 306 307 309 310 312 312 314 318 325 329 330 333
805 781 761 747 723 697 682 647 641 658 676 686 690 675 658 620 585 553 524 502 480 473 482 485 480 473 479 499 516 516 513 518 522 503 483 458 445 443 435 429 417 405 400 401 407 412 411 411 410 407 400 389 382 375 363 355 349 360 363 365 359 356 355 354 350 346 338 341 342 340 335 332 329 325 322 320 318 315 312 310 309 307 306 306 307 308 309 310 312 313 318 320 320 322
834 811 783 761 728 703 680 660 672 695 718 720 709 685 643 597 560 532 510 487 485 496 510 504 489 484 498 518 534 544 546 540 528 508 475 464 464 455 458 446 423 412 412 415 417 421 420 423 423 415 406 395 380 365 361 362 366 364 366 363 362 358 357 355 352 345 339 343 345 342 337 334 331 332 323 319 316 314 312 310 309 308 307 306 306 307 307 309 310 310 312 313 313 312
839 814 780 748 719 701 679 672 692 719 725 710 688 655 619 581 545 524 502 490 497 528 531 515 500 502 522 541 567 583 577 561 536 502 493 488 480 475 466 452 429 428 432 435 427 429 435 433 428 417 406 394 382 375 372 365 368 364 361 357 356 353 349 345 342 342 340 347 349 345 339 336 337 336 326 318 315 313 311 310 309 309 308 307 306 306 307 308 309 310 309 309 308 308
833 796 767 740 715 697 683 681 709 734 728 701 646 618 596 565 540 517 498 496 517 548 547 529 526 529 547 569 597 617 599 567 533 520 524 513 505 492 477 460 442 447 454 449 443 447 439 432 421 412 402 394 387 380 371 370 364 364 359 358 353 351 351 354 355 346 350 358 355 348 342 338 341 341 331 321 312 310 310 310 309 308 308 307 307 306 306 306 307 308 307 306 306 306
831 789 758 732 714 693 686 707 728 744 734 685 645 613 582 555 531 512 501 509 534 567 566 562 561 572 583 602 624 630 606 568 548 555 549 544 534 518 502 486 480 472 463 455 453 449 443 424 409 404 397 389 383 377 380 376 373 371 366 358 362 363 366 370 369 362 363 366 363 352 346 341 344 343 335 326 321 316 314 311 311 310 309 308 307 307 306 306 306 306 306 306 306 306
833 787 755 731 713 704 712 731 753 759 737 692 654 618 580 547 524 513 512 528 553 583 597 599 602 615 626 639 651 643 608 583 586 590 590 583 570 559 549 531 512 495 476 468 459 450 433 423 424 413 405 405 397 391 385 379 377 376 365 366 371 378 380 380 377 372 370 370 365 356 346 342 344 347 350 342 328 324 319 318 313 320 324 323 320 319 312 306 306 306 306 308 309 309
818 779 751 732 728 733 740 756 767 765 733 697 661 623 586 549 522 519 529 550 580 612 630 626 623 642 664 689 680 658 626 616 632 633 633 622 612 598 585 565 536 510 487 484 473 461 462 459 446 433 419 422 416 400 389 379 374 373 369 379 390 397 393 387 383 382 380 380 375 365 356 351 349 355 357 358 348 332 328 325 328 345 360 354 347 340 328 322 312 310 310 312 313 311
800 773 759 760 753 761 770 787 786 766 729 693 659 619 581 540 525 532 545 574 604 642 660 654 635 648 680 717 711 680 656 661 672 679 678 667 658 642 616 581 545 505 498 497 497 490 502 498 483 462 448 439 431 411 407 398 388 384 386 388 402 409 405 399 399 398 396 390 385 374 365 357 354 355 365 371 366 352 343 339 338 363 378 373 370 352 337 329 329 327 324 320 317 313
800 796 795 796 790 785 796 805 800 763 718 681 649 611 568 536 532 545 565 596 632 668 689 681 652 652 683 720 725 710 697 704 716 725 724 707 682 657 626 584 539 506 520 518 511 522 536 535 519 496 481 462 435 427 426 420 403 404 400 398 410 417 415 415 411 407 403 398 390 383 374 365 359 359 366 376 375 370 364 355 354 368 381 383 380 364 358 348 353 346 339 335 325 318
846 842 838 838 835 829 821 810 792 757 707 668 632 596 555 538 544 563 585 616 651 690 714 707 681 665 682 721 742 746 747 756 771 770 752 722 685 651 613 569 530 531 542 541 525 546 566 567 561 544 513 479 447 441 446 435 413 418 420 421 421 426 426 421 418 412 406 402 396 386 376 368 363 363 368 380 384 384 377 368 363 378 386 387 382 372 369 372 369 362 364 358 345 328
903 896 893 892 890 865 842 818 786 755 705 652 620 585 558 545 561 585 614 639 675 718 741 736 709 692 692 721 758 779 796 809 813 800 770 732 685 641 602 559 549 562 562 555 557 572 593 603 593 569 528 484 463 467 462 453 439 432 436 440 437 437 434 429 423 417 410 403 397 389 377 371 366 366 368 379 391 395 384 374 383 386 388 385 381 377 380 380 375 380 386 383 369 351
945 944 923 909 900 870 834 798 775 746 698 649 613 583 564 559 584 614 641 673 707 749 772 767 742 718 715 728 767 805 836 854 843 819 781 742 701 649 608 571 578 595 590 584 589 612 626 621 603 572 526 499 496 498 496 480 457 454 456 455 449 445 440 432 425 417 411 405 399 388 381 373 369 367 371 380 390 394 384 385 390 391 389 389 381 383 385 385 382 389 398 397 391 375
943 947 929 887 854 829 795 770 749 728 691 642 605 581 575 581 605 638 672 707 752 793 808 795 765 744 736 745 781 825 867 890 871 825 794 760 716 666 616 594 614 630 627 620 632 650 649 634 604 571 537 525 531 535 525 498 477 470 467 464 455 449 441 433 425 418 411 404 399 392 385 383 381 378 375 381 391 394 392 400 397 393 395 390 384 387 390 388 387 393 403 407 403 390
898 897 879 840 803 770 744 722 701 685 660 622 590 581 589 612 645 665 698 743 788 837 845 813 781 765 761 775 797 842 879 889 863 822 792 754 713 663 620 620 648 664 662 655 663 675 669 643 611 582 564 562 565 557 534 505 489 479 471 463 456 450 442 434 425 419 414 408 402 397 390 390 389 385 381 386 395 401 408 405 404 400 397 395 388 395 392 391 393 402 404 405 402 390
877 857 834 794 753 719 695 667 654 643 624 599 589 598 621 650 691 714 730 771 819 855 855 821 790 786 793 805 824 858 874 875 846 803 764 727 687 652 635 651 678 695 698 697 700 699 690 662 635 611 599 593 576 560 525 501 489 481 470 461 454 450 445 443 434 425 419 410 404 399 398 396 395 394 389 387 403 416 418 414 410 407 402 394 400 398 397 400 399 399 402 396 388 381
841 821 790 744 706 676 658 643 627 621 612 600 607 632 646 674 719 749 775 812 850 868 862 827 811 821 832 836 849 875 876 859 818 781 741 703 667 660 666 685 710 734 743 744 745 740 722 694 670 653 633 605 580 540 517 506 513 513 506 493 485 476 467 450 440 430 431 429 419 411 407 407 408 404 398 392 402 419 423 417 414 410 400 406 410 409 406 405 400 392 382 373 367 366
785 763 730 693 673 660 654 654 659 652 637 622 626 657 695 711 725 775 806 846 888 899 885 852 842 861 867 873 886 892 881 846 806 765 734 700 694 704 714 721 743 771 786 793 787 780 758 732 709 686 654 609 559 535 529 549 559 561 553 543 519 497 484 470 460 454 450 442 430 424 416 416 417 416 408 400 403 419 424 422 420 414 404 417 422 421 412 401 391 377 369 369 363 351
746 725 697 681 675 682 691 701 709 694 665 631 647 693 736 756 758 789 831 881 921 931 913 884 881 898 906 911 915 913 886 841 806 772 744 740 744 753 758 762 775 803 825 840 831 812 784 758 731 707 661 601 558 554 573 594 605 610 600 576 552 529 517 500 483 469 459 448 440 436 431 431 429 426 415 407 409 422 430 428 425 418 412 423 429 426 416 397 379 374 382 388 378 369
729 705 699 712 726 727 734 746 740 719 668 643 665 718 761 780 778 807 855 904 952 966 948 925 921 934 942 949 945 930 893 853 819 796 785 780 797 801 806 807 811 835 861 868 854 826 795 767 732 701 650 597 577 584 610 642 659 649 631 606 586 572 547 521 502 491 485 468 457 451 450 446 439 429 422 410 420 430 434 434 428 420 429 435 427 424 403 389 394 398 402 400 390 387
720 719 738 766 782 783 784 766 749 706 669 650 701 746 782 796 794 827 879 937 984 1000 987 961 959 971 979 982 975 953 908 874 845 821 817 834 855 856 857 856 865 873 881 880 858 826 795 759 729 684 634 597 597 619 654 689 702 694 670 646 621 599 566 540 530 528 515 500 486 480 469 459 447 432 423 418 432 437 438 431 430 431 432 434 423 408 395 404 413 415 417 413 408 399
739 763 789 818 835 835 813 782 738 697 664 679 721 764 797 813 820 838 899 956 1005 1030 1018 994 994 1009 1015 1016 1007 978 928 900 871 846 856 886 905 907 907 910 919 923 914 898 872 835 798 758 713 671 626 608 628 661 699 730 742 731 700 673 641 616 584 576 567 558 545 530 521 514 498 471 450 435 426 429 438 441 435 428 426 427 421 417 412 399 406 416 427 436 428 426 423 414
770 786 814 841 866 862 830 779 725 681 680 713 748 784 812 826 843 854 909 968 1017 1049 1048 1026 1026 1044 1056 1053 1034 1000 955 926 896 873 894 924 945 950 959 957 960 954 932 904 881 852 815 766 711 665 634 643 670 705 745 776 777 752 715 673 650 631 633 621 607 593 578 570 562 544 516 480 451 434 435 442 445 444 436 428 418 417 417 418 410 412 416 424 440 452 451 448 442 428
789 806 824 855 881 875 826 774 719 689 703 737 772 807 830 848 869 876 915 976 1028 1071 1073 1066 1055 1071 1082 1083 1060 1018 983 951 919 909 937 962 983 993 1000 1003 985 967 936 904 883 855 820 767 710 667 657 678 710 748 784 801 793 762 715 687 681 686 674 657 632 609 596 588 576 551 515 480 450 448 455 462 456 453 444 432 423 420 425 426 419 424 431 439 453 466 470 465 452 431
817 825 843 865 893 892 843 779 726 705 730 764 805 840 867 884 899 908 929 982 1037 1088 1103 1099 1097 1103 1108 1108 1077 1042 1005 973 948 956 980 1003 1021 1028 1035 1026 1003 971 940 904 867 833 790 745 698 675 686 712 748 780 807 817 803 774 744 733 718 696 675 649 620 595 573 557 539 521 497 467 455 466 483 491 481 466 452 441 430 432 436 434 427 436 447 459 462 466 470 465 455 426
856 863 871 889 905 898 839 779 736 720 749 791 828 868 901 922 927 937 950 999 1052 1098 1119 1129 1138 1150 1142 1133 1109 1075 1047 1009 996 1001 1028 1047 1062 1068 1065 1039 1006 973 940 902 851 803 767 731 701 697 725 750 780 808 832 843 837 807 773 750 724 687 644 609 579 553 524 506 499 492 474 456 474 501 514 515 506 489 472 452 441 446 448 444 439 456 467 471 465 464 459 458 448 432
900 906 920 936 925 903 841 787 739 740 771 808 848 886 924 950 956 964 973 1019 1072 1115 1138 1153 1174 1190 1183 1168 1147 1121 1091 1052 1036 1043 1067 1087 1106 1096 1082 1037 1007 973 937 889 830 798 782 760 734 743 770 802 820 844 858 863 844 807 771 738 692 646 603 572 540 514 498 497 497 494 492 510 513 533 543 541 536 524 507 483 466 461 460 454 452 467 474 471 462 451 444 440 438 436
942 952 971 984 952 894 837 779 753 767 804 834 866 905 946 974 987 988 1001 1037 1092 1133 1163 1179 1192 1215 1219 1201 1184 1157 1124 1086 1078 1079 1100 1124 1134 1112 1070 1024 990 959 922 871 826 827 830 803 770 783 813 843 870 881 871 853 825 779 732 685 642 601 563 535 516 505 508 521 531 541 548 556 562 571 578 583 577 558 537 513 497 483 471 464 464 472 472 464 448 438 429 425 419 412
988 1001 1010 1006 960 891 828 779 769 795 843 882 904 930 974 1011 1028 1031 1035 1053 1100 1141 1179 1206 1217 1232 1242 1232 1211 1184 1155 1141 1136 1137 1143 1142 1139 1106 1058 1002 962 928 893 857 847 865 865 837 806 819 850 884 904 900 877 837 793 746 688 640 594 561 546 529 526 538 557 568 581 591 604 606 608 613 621 626 616 589 561 537 519 504 488 479 469 469 466 454 450 442 434 426 412 398
1033 1020 1018 1001 942 884 832 780 784 815 857 914 947 968 1004 1042 1063 1074 1077 1088 1106 1148 1188 1223 1241 1256 1266 1266 1245 1223 1210 1205 1204 1195 1178 1157 1129 1088 1034 978 935 899 872 866 885 916 907 865 840 851 884 909 913 900 860 811 762 710 659 607 572 560 552 556 564 582 607 619 631 643 654 656 655 656 658 654 636 606 576 556 544 525 509 495 481 466 459 458 448 441 433 422 403 400
1059 1028 1002 968 923 874 818 794 811 841 876 920 973 1007 1038 1065 1089 1106 1117 1124 1137 1153 1191 1231 1259 1280 1295 1298 1293 1276 1254 1238 1228 1214 1184 1144 1110 1068 1019 964 915 895 896 906 928 953 938 883 879 892 909 915 912 883 836 783 732 684 629 590 593 596 590 586 599 624 649 665 672 683 694 698 695 695 685 668 649 618 595 586 571 555 537 523 509 490 472 460 444 432 422 414 403 408
1074 1026 980 945 904 867 823 813 837 876 903 935 992 1035 1071 1102 1121 1138 1151 1160 1168 1181 1196 1231 1272 1301 1329 1326 1315 1297 1266 1234 1200 1176 1150 1115 1078 1037 994 946 923 922 926 938 968 977 950 915 917 940 938 925 903 867 819 760 711 659 621 602 618 628 623 618 633 667 692 705 714 721 733 736 737 725 711 692 669 644 632 623 606 581 563 553 540 510 482 461 439 418 416 412 416 413
1072 1019 974 935 899 866 836 826 859 898 934 956 1003 1052 1100 1133 1160 1183 1187 1192 1197 1205 1220 1233 1265 1308 1332 1321 1294 1269 1242 1205 1162 1133 1105 1071 1039 1005 979 949 945 954 962 970 997 999 973 957 968 968 957 934 892 857 802 749 699 648 631 640 646 652 648 652 675 702 729 741 751 762 776 778 776 759 743 717 692 678 672 658 636 610 590 578 555 517 484 454 433 432 433 424 419 416
1069 1017 966 930 899 863 847 850 872 907 943 990 1032 1073 1118 1155 1193 1214 1230 1235 1231 1234 1238 1246 1266 1295 1314 1300 1267 1236 1209 1178 1141 1104 1072 1043 1011 997 982 980 989 986 995 1006 1026 1029 1008 997 997 992 966 933 892 845 796 745 693 650 655 675 684 681 681 689 709 733 756 773 786 800 812 821 810 795 774 748 725 720 703 681 649 622 600 576 545 506 467 449 460 474 460 445 432 431
1069 1019 978 928 898 870 864 883 905 937 975 1011 1053 1091 1136 1184 1222 1252 1269 1276 1276 1271 1270 1268 1268 1283 1293 1280 1249 1219 1191 1162 1132 1104 1076 1049 1040 1036 1028 1024 1026 1023 1022 1037 1057 1063 1044 1030 1014 995 959 924 879 832 787 735 682 660 685 712 726 718 713 719 742 767 789 806 821 836 856 853 845 827 810 780 756 734 707 675 644 615 583 548 515 480 462 481 498 501 480 464 452 439
1078 1031 993 950 917 888 895 924 957 976 1014 1052 1098 1139 1162 1202 1252 1293 1316 1323 1326 1317 1308 1300 1290 1279 1281 1267 1243 1211 1191 1175 1158 1135 1115 1090 1081 1077 1066 1063 1058 1054 1055 1072 1093 1098 1081 1060 1030 991 949 906 860 812 764 721 684 690 715 743 756 756 743 746 771 796 814 831 847 872 890 885 857 842 817 787 761 729 688 646 611 578 547 511 486 472 488 502 510 503 483 474 464 457
