Basics/FAC.asc
ncols        598
nrows        650
xllcorner    108.335000000000
yllcorner    32.655000000000
cellsize     0.000833333333
NODATA_value  -9999
[rows 296 to 369 of 650, columns 384 to 479 of 598]
11 7 4 2 1 1 2 3 1 255 1 10 9 7 4 3 2 2 1 1 1 1 1 1 1 1 2 2 5 1 4 4 2 202 2 1 3 3 3 3 3 3 4 4 4 4 4 5 3 4 4 4 3 2 1 1 2 3 2 2 1 1 1 2 3 1 1 9 1 151 11 6 5 10 6 2 1 1 11 6 7 6 2 1 1 1 2 2 1 1 2 3 4 24 27 27
6 5 3 2 1 1 1 1 4 257 3 2 1 1 2 1 3 2 2 2 1 1 2 1 1 2 4 5 1 7 1 5 209 2 1 4 4 4 4 4 4 5 5 5 5 5 6 4 5 5 5 4 3 2 1 1 2 3 6 3 1 2 2 1 2 6 2 2 10 153 18 6 12 1 1 1 1 1 3 18 8 9 2 2 1 1 1 2 3 4 5 13 19 2 4 22
3 2 1 2 1 1 2 2 6 263 2 1 1 1 1 4 3 3 3 2 2 3 1 1 1 3 1 5 6 2 9 6 212 1 1 9 5 5 5 5 6 6 6 6 6 7 5 6 6 6 5 4 3 2 1 2 1 3 4 10 2 1 3 3 1 1 8 11 3 164 25 13 1 4 2 2 1 1 2 4 36 3 3 2 1 1 1 1 2 5 7 5 1 3 4 17
3 1 1 1 4 1 2 5 270 4 3 2 1 3 5 4 21 17 13 10 7 3 1 1 2 1 4 2 6 7 12 219 2 2 10 151 145 139 133 127 120 113 67 60 53 45 39 32 25 18 12 7 3 2 1 1 3 5 9 14 13 2 4 1 4 2 1 1 13 181 39 2 11 6 5 2 1 1 2 5 44 4 3 2 1 2 1 1 2 1 3 1 2 3 6 10
1 1 1 2 6 1 2 10 275 1 59 58 57 50 34 29 7 6 5 4 3 2 1 1 2 5 7 5 3 7 20 470 248 245 231 77 76 66 10 9 8 1 39 37 35 32 22 12 11 10 9 8 7 4 2 1 1 2 3 4 19 33 40 2 1 5 3 2 1 1 223 17 5 4 3 2 1 1 2 3 54 4 3 2 1 3 2 1 1 1 1 1 2 2 3 9
3 1 1 2 5 8 1 1 348 61 1 2 1 2 10 8 3 2 1 1 1 1 1 1 2 3 4 8 6 4 507 9 8 4 3 2 1 8 55 2 1 6 1 1 1 2 9 9 8 7 6 5 4 3 2 1 1 2 1 1 1 1 2 43 47 6 4 1 3 2 243 1 1 1 1 2 1 1 2 3 61 8 3 2 1 4 3 3 1 1 1 1 1 2 4 4
1 1 1 2 3 9 9 370 367 14 10 1 2 1 1 1 4 3 2 2 2 2 1 1 2 1 2 7 9 527 3 2 1 3 3 2 1 3 4 52 2 1 4 3 2 1 1 8 7 6 5 4 3 2 1 1 2 3 3 2 2 2 1 1 2 51 64 65 67 73 244 4 2 2 5 2 1 1 2 3 4 73 3 2 1 5 4 4 3 2 1 1 1 1 2 3
1 1 1 2 3 1 390 1 2 2 3 6 2 1 1 1 1 1 3 3 3 2 1 1 2 3 1 2 10 541 4 3 2 1 2 2 1 2 3 3 46 38 4 3 2 1 1 6 5 4 3 2 1 1 1 1 2 3 7 11 3 5 1 2 1 1 1 1 1 1 336 14 13 10 4 3 1 1 1 2 3 81 6 2 1 6 5 5 6 1 3 1 1 1 1 1
1 2 1 1 1 5 394 1 1 1 1 1 1 1 2 3 2 4 4 4 5 2 1 1 2 3 4 1 2 553 5 4 3 2 1 1 1 1 2 2 4 3 33 26 3 2 11 4 3 2 1 1 2 2 1 1 2 1 2 3 15 4 7 3 1 1 1 1 2 2 338 2 1 1 1 1 2 1 1 1 2 3 88 4 1 7 6 12 11 9 5 3 1 1 1 1
2 3 2 1 2 401 1 1 1 1 1 1 1 2 6 8 5 17 12 7 1 2 1 1 2 3 4 9 10 568 4 3 2 1 2 1 1 1 1 1 3 2 3 3 22 17 4 2 1 1 2 3 3 2 1 1 2 5 6 7 8 24 5 11 2 2 2 1 2 5 341 1 2 2 2 3 2 1 1 2 1 1 4 93 2 8 19 12 1 1 1 1 2 1 3 1
3142 3139 3 2 2795 2792 1 2 1 2 2 2 2 3 35 20 19 1 1 1 3 2 1 1 2 3 4 1 2 572 3 2 1 3 1 2 2 3 2 1 2 1 2 2 3 1 1 1 2 1 3 7 3 2 1 1 2 3 4 5 6 7 42 50 66 75 78 81 84 92 343 3 3 3 4 3 1 2 1 2 3 2 2 5 96 28 13 2 2 2 1 2 3 5 2 3
6 1 3131 3128 5 1 2389 2385 2373 2368 2365 2360 2353 36 7 6 5 4 2 4 3 1 2 1 2 3 4 5 575 60 59 7 6 2 14 11 8 4 3 2 1 1 1 1 1 1 1 1 3 2 4 11 3 2 1 2 1 2 3 4 8 10 2 4 2 2 2 1 2 3 439 7 4 5 1 5 3 1 1 2 6 1 3 8 226 101 84 6 3 1 2 3 9 3 5 1
3 2 2 325 1 2 3 4 5 3 2 4 2302 9 1 1 1 1 5 6 2 1 3 2 1 3 4 10 639 3 1 51 48 44 3 2 1 1 1 3 2 1 1 1 1 1 1 3 4 3 5 15 3 2 3 1 1 1 2 3 1 1 2 1 1 1 1 1 1 2 3 454 6 1 7 6 2 1 1 2 3 8 1 238 2 1 3 75 73 70 63 54 35 13 7 6
2 1 1 320 4 1 2 3 4 2 1 3 2 2299 2 2 2 6 7 2 1 1 2 6 2 4 5 655 5 1 1 2 1 2 26 20 9 7 5 1 1 1 2 2 1 3 2 4 5 1 9 16 6 4 2 2 1 1 2 1 1 1 1 1 1 1 1 1 1 1 2 455 8 8 10 3 2 1 1 2 3 4 10 243 2 1 2 1 2 2 3 3 9 18 16 5
1 1 292 23 4 3 1 2 3 1 2 1 8 110 2178 2176 7 8 3 1 1 1 2 3 9 5 667 2 1 3 2 1 1 1 1 4 10 7 5 3 1 2 3 3 2 4 7 6 1 1 11 23 5 3 3 2 1 1 2 5 7 3 1 1 2 2 2 2 2 4 1 4 472 11 1 1 1 1 2 2 3 8 324 3 2 1 1 1 1 1 2 2 3 5 1 10
3 5 285 18 4 3 2 1 2 1 3 7 105 4 1 4 2160 4 2 1 2 2 3 4 742 732 1 4 3 2 1 1 1 2 1 1 2 2 1 1 1 3 1 7 3 12 7 1 2 1 13 29 4 7 3 2 1 1 2 3 7 16 21 23 3 1 4 7 78 79 84 1 477 13 2 1 2 1 4 3 344 332 6 67 3 2 1 1 1 1 1 1 2 1 3 2
1 3 281 13 4 3 2 1 1 2 3 100 4 3 1 2 5 2142 1903 1902 761 758 757 753 5 3 58 5 4 3 2 2 3 1 1 1 1 1 1 1 1 2 5 8 16 8 1 2 1 4 43 5 9 1 6 3 1 1 2 3 1 1 2 20 49 54 61 68 2 4 10 95 479 16 2 1 1 4 366 361 11 6 1 5 63 55 4 2 2 1 1 1 1 1 1 1
2 4 276 8 4 3 2 1 1 2 2 97 3 2 1 4 3 5 228 5 1132 1 1 1 1 2 5 47 11 10 9 6 2 2 2 2 1 1 1 1 2 2 8 9 25 1 2 1 4 48 16 10 12 11 4 3 2 1 1 2 1 2 17 5 1 6 6 1 1 5 5 8 107 605 1 2 2 374 3 2 1 3 5 4 3 4 49 42 8 6 4 2 1 1 1 1
3 254 21 4 3 3 2 1 1 1 1 95 2 1 3 2 3 1 227 4 5 1125 1 1 1 1 1 3 35 29 8 7 6 3 3 2 2 1 1 2 2 3 3 43 2 1 3 2 110 57 37 19 6 5 4 3 2 1 1 2 8 14 3 1 2 3 5 1 4 4 2 3 1 2 607 3 380 3 2 2 1 2 4 3 2 3 3 3 31 19 17 14 5 3 1 2
4 253 16 4 3 2 2 1 1 2 5 89 1 2 1 2 1 2 224 3 4 2 1120 1109 1 1 1 1 2 3 20 18 5 4 3 3 2 1 1 2 3 3 7 46 1 2 1 116 3 2 3 17 14 5 4 3 2 1 1 3 3 2 2 1 2 2 2 2 3 1 2 1 2 3 616 381 3 2 1 1 1 1 3 2 1 2 2 2 8 3 1 2 7 4 3 1
7 241 11 4 3 2 1 1 1 2 82 4 2 1 1 1 2 220 3 2 3 1 2 8 1105 1 1 1 1 1 1 1 12 11 7 3 2 1 2 1 3 4 11 47 2 3 2 122 2 1 1 2 2 8 6 3 2 1 1 1 1 1 1 1 1 1 1 1 1 1 1 2 3 10 13 1001 6 5 4 3 2 1 1 1 1 1 1 1 3 4 2 1 1 1 1 2
236 4 7 3 3 2 1 1 2 3 78 3 1 1 1 2 3 214 2 1 2 1 3 4 16 1086 3 1 1 1 1 1 1 5 4 3 1 2 3 1 2 6 5 59 3 4 130 5 4 3 2 1 1 1 1 2 1 1 1 1 1 1 1 1 1 1 1 1 1 1 2 3 6 2 2 1023 2 1 3 2 1 1 1 1 1 1 1 1 2 2 1 1 1 1 1 2
232 3 1 5 2 2 1 1 2 3 77 1 1 1 2 3 4 207 2 1 1 2 3 3 12 4 1078 1042 5 2 2 2 6 1 1 1 2 3 4 2 1 1 7 6 218 155 7 6 5 4 3 2 1 1 1 1 1 2 2 1 2 3 2 2 2 2 2 1 2 2 1 2 1 1 1 2 1033 5 1 1 2 1 2 2 3 6 4 2 1 1 1 1 1 2 2 4
226 1 2 2 2 1 1 1 2 3 70 2 1 1 2 3 193 10 3 1 1 2 2 11 2 1 10 25 1035 1026 3 9 2 2 1 2 6 5 1 1 3 2 9 227 2 1 12 9 4 3 2 1 2 2 1 2 2 5 1 1 2 5 11 3 3 3 3 2 3 1 3 1 1 1 1 2 1036 3 2 3 1 2 3 17 11 4 3 2 1 1 1 1 3 3 1 7
225 2 1 1 1 1 1 2 3 4 59 3 1 1 2 3 189 6 3 2 1 1 2 8 1 6 3 24 8 3 1019 1016 1004 3 2 9 6 2 1 1 2 4 244 2 1 1 1 1 4 3 2 1 3 3 2 3 3 7 2 1 1 3 5 17 21 7 4 3 4 2 4 2 2 1 2 1 1040 6 5 1 2 35 29 9 6 4 2 1 1 1 2 3 4 4 1 3
214 5 4 3 2 1 1 2 3 4 57 1 1 1 2 3 182 3 2 2 1 1 6 1 5 2 23 6 1 2 2 2 161 837 820 808 792 3 2 2 3 289 1 3 2 1 1 4 3 2 1 1 7 4 1 1 14 3 2 1 1 1 2 4 5 27 35 40 44 95 100 106 109 111 3 1 1096 48 47 46 43 5 2 2 2 1 1 1 1 3 3 4 10 1 1 2
204 5 4 3 2 1 1 2 3 4 45 3 1 1 2 3 175 3 2 1 1 4 1 4 1 22 3 2 1 1 1 154 6 16 9 6 2 780 775 299 296 2 39 34 3 2 5 1 1 1 1 1 14 1 1 1 19 3 2 1 1 1 1 2 4 5 6 30 40 4 3 2 3 8 125 1226 1 4 3 2 1 2 2 1 1 1 1 2 2 4 8 11 1 1 1 1
101 94 4 3 2 1 1 3 4 7 28 9 1 1 2 168 3 3 2 1 1 2 3 1 9 12 2 1 1 2 15 138 5 15 8 5 1 4 7 466 1 1 2 2 30 27 9 7 5 3 1 2 16 1 1 3 23 3 2 2 1 1 1 1 1 5 23 4 5 3 2 1 4 5 4 5 1237 1 1 1 2 1 1 1 1 1 2 3 3 5 20 2 4 2 1 1
5 82 7 3 2 1 1 1 2 7 20 7 1 1 2 162 1 2 2 1 1 2 3 7 8 3 1 1 2 12 129 8 4 14 7 4 1 2 6 465 2 1 1 1 2 2 10 5 3 1 1 19 2 1 1 2 33 3 1 4 2 1 1 1 3 2 15 3 4 2 1 3 4 3 3 5 6 1242 2 3 1 1 1 1 2 2 3 4 4 6 23 8 3 2 1 1
4 2 79 3 2 1 1 1 3 3 19 5 1 2 3 159 2 1 1 1 1 2 3 6 1 2 1 2 9 126 2 7 3 13 6 3 1 2 3 460 2 1 1 1 1 1 2 2 1 1 1 25 2 1 1 5 34 1 14 8 5 3 1 1 1 2 12 2 3 1 2 3 2 2 1 1 5 1254 4 2 2 2 1 2 3 3 4 5 5 30 10 1 1 2 1 1
3 1 4 74 4 3 1 1 2 2 16 4 1 2 3 145 7 3 2 1 1 2 4 1 1 1 1 6 119 6 1 6 2 12 5 2 1 2 2 9 448 4 2 1 1 1 1 1 1 1 27 5 2 1 1 2 41 19 4 3 2 1 1 1 1 4 7 1 2 1 2 1 1 1 2 3 1 9 1268 8 3 2 1 3 4 4 5 92 81 49 32 7 5 2 2 1
2 1 2 66 3 2 1 1 1 2 13 3 1 1 2 141 1 3 2 1 1 2 1 1 1 2 4 114 4 4 1 5 1 11 4 1 1 1 8 5 5 433 82 4 2 1 1 1 2 42 13 2 2 1 1 2 67 2 1 1 1 2 3 1 1 2 4 2 1 1 1 2 3 4 5 6 7 1 2 1282 3 2 1 4 117 112 100 5 2 1 6 24 7 6 3 1
1 1 2 56 7 3 2 1 1 2 10 2 1 2 3 140 4 3 2 1 1 2 4 5 7 8 110 3 3 2 1 4 5 5 2 1 3 7 4 4 4 3 343 76 75 73 65 63 58 4 3 2 1 1 1 2 71 1 1 2 4 5 1 1 1 1 2 1 1 1 2 3 4 5 6 7 8 9 10 1293 4 1 2 126 4 2 2 2 2 1 2 3 16 10 7 3
1 1 2 49 4 3 2 1 1 2 7 1 2 3 4 132 4 3 2 1 1 1 1 2 3 4 97 1 2 2 1 3 4 4 1 2 3 3 3 3 2 1 342 5 1 2 3 4 5 4 3 2 1 1 2 1 72 22 20 16 10 3 2 2 1 1 1 1 1 1 1 1 2 3 4 5 6 7 8 1306 1 132 129 2 1 1 1 1 1 1 1 2 3 2 2 3
1 1 2 45 1 3 2 1 1 2 4 1 1 2 3 123 4 3 2 1 1 1 2 3 4 12 81 2 1 1 1 2 3 3 1 2 2 2 2 1 1 2 330 3 4 1 2 3 4 3 2 1 3 4 6 4 98 3 2 1 1 1 1 4 2 2 1 1 1 2 2 2 1 1 1 1 1 2 3 1307 144 10 9 8 7 6 5 4 3 2 1 1 1 1 1 1
1 1 2 6 36 3 2 1 1 1 2 1 2 3 4 37 74 4 3 2 1 1 2 4 7 4 80 3 2 1 1 1 2 2 1 1 1 1 1 2 3 316 6 7 2 3 1 2 3 2 1 2 1 2 3 115 3 2 1 1 1 1 2 7 3 2 2 1 1 2 3 3 3 2 2 2 4 5 6 1463 2 1 1 5 4 3 2 1 1 1 1 1 1 1 1 1
1 1 2 3 32 4 3 2 1 1 1 1 2 3 31 5 64 5 4 3 1 1 1 2 3 2 6 64 4 3 1 1 1 1 1 1 1 1 1 1 2 306 4 5 6 1 2 1 2 1 1 1 2 3 4 120 1 2 1 1 1 3 10 4 3 3 1 2 1 2 3 4 4 4 7 10 12 13 16 1480 3 2 8 2 1 1 1 2 2 1 2 3 1 2 3 2
1 1 2 3 20 4 3 2 1 1 2 4 5 14 13 4 5 58 11 4 3 1 1 2 1 3 2 59 5 4 3 1 1 1 1 2 2 2 2 4 297 8 2 3 4 5 1 1 1 1 2 3 4 5 6 7 125 1 1 1 2 5 15 4 6 2 1 3 1 2 3 4 5 5 1 1 1 2 2 3 1495 11 2 1 7 5 3 3 12 10 9 3 1 11 5 2
1 1 2 2 6 11 5 2 1 1 2 5 8 8 4 3 4 5 41 6 3 1 1 1 2 1 11 28 14 6 4 2 1 1 2 2 3 6 3 4 292 4 1 1 2 3 3 1 1 3 4 5 6 7 8 9 142 1 2 2 3 21 5 8 1 1 1 2 4 2 3 7 12 23 2 1 1 1 1 2 1560 59 58 57 49 48 47 43 28 25 22 21 19 3 1 1
1 1 1 2 3 3 2 2 1 1 2 2 3 4 3 2 3 4 38 2 2 1 1 2 3 10 20 7 5 2 1 1 1 2 2 3 3 1 8 261 12 14 3 2 1 1 2 1 1 1 2 3 4 5 6 1 180 327 3 3 4 27 9 1 2 1 2 1 3 9 12 1 1 1 27 30 1 1 1 2 1571 8 7 6 5 4 3 2 2 2 2 1 3 1 1 1
1 1 1 1 1 1 1 1 1 1 1 1 1 3 2 1 2 3 34 3 1 1 1 2 6 15 4 6 3 1 1 1 1 2 3 3 4 4 18 234 2 9 13 4 3 2 1 1 1 2 3 1 1 1 2 178 3 1 330 341 28 10 2 1 3 2 4 1 1 1 3 17 19 21 22 23 68 2 1 1 1573 1 1 1 4 3 2 1 1 1 1 1 1 1 1 1
2 1 1 1 1 1 1 1 2 2 1 1 1 1 1 1 2 2 28 3 2 1 1 3 10 4 3 5 1 1 1 1 2 2 3 4 8 13 224 2 7 1 8 8 3 2 1 1 1 1 1 5 2 4 167 2 2 1 3 12 389 402 1 2 6 5 2 1 1 1 1 2 4 7 10 13 4 75 83 1659 1 4 2 5 1 1 1 1 1 1 1 1 1 1 1 2
3 3 2 2 1 1 2 3 3 4 2 1 1 1 1 1 1 1 25 1 2 1 1 2 7 3 2 3 1 1 1 2 2 3 3 102 107 212 6 5 1 6 1 6 4 2 1 1 2 2 4 5 103 160 2 1 1 2 8 3 4 23 427 9 6 1 4 2 1 1 1 1 2 2 2 3 2 5 3 4 1669 1 6 2 2 2 1 3 2 2 2 1 2 2 1 4
4 4 3 3 2 1 2 6 4 5 4 2 2 2 1 1 1 1 2 21 2 1 1 4 2 2 1 2 1 1 3 2 3 6 95 4 64 21 19 5 4 1 4 3 2 1 1 1 2 5 6 92 33 10 13 1 1 7 2 3 21 1 4 444 456 2 5 3 3 1 1 1 1 1 2 1 4 2 1 2 3 1680 3 3 3 2 4 3 3 3 1 2 3 3 1 2
15 5 7 3 1 1 2 9 5 6 5 3 5 2 2 2 1 1 1 18 2 1 1 2 1 1 1 1 1 2 1 5 8 80 5 3 63 20 13 5 4 3 2 1 2 1 1 2 4 5 85 2 30 9 7 5 6 1 2 17 3 2 1 3 5 457 487 494 2 2 1 1 1 1 2 3 1 6 9 16 21 22 1691 4 3 5 4 4 4 2 1 3 4 4 1 2
4 21 8 5 1 1 2 12 6 7 6 9 3 3 8 5 3 1 2 4 9 4 2 1 1 2 1 2 4 6 9 26 68 3 4 2 62 19 1 11 4 3 2 1 1 2 3 7 71 79 1 20 9 8 6 4 5 1 13 3 2 1 2 2 2 22 7 16 515 2 2 2 1 1 1 3 5 2 6 1 3 2 1716 1 9 5 5 5 3 2 1 4 5 5 1 4
1 26 14 1 2 2 1 15 7 8 7 10 20 13 4 3 2 1 1 3 2 2 1 1 1 2 5 6 7 8 16 35 6 2 3 1 61 11 7 7 3 3 2 1 1 1 2 63 4 3 10 9 8 7 5 3 4 6 6 2 1 1 1 1 21 6 8 3 4 522 5 2 1 1 1 1 1 2 3 2 1 2 4 1733 1 11 6 4 3 2 1 5 6 6 1 6
37 41 82 4 1 3 1 17 8 9 18 26 5 4 3 2 1 1 1 1 1 1 1 1 2 3 4 5 6 7 29 5 5 1 2 13 47 8 2 6 6 2 2 1 1 2 58 4 3 2 9 8 7 6 4 2 3 5 5 1 1 2 3 20 5 7 2 1 2 268 796 4 2 1 1 1 1 1 1 1 1 1 2 2 1739 1751 7 8 3 1 2 6 7 7 1 2
2 3 6 93 2 4 2 18 9 63 35 8 6 3 2 1 2 2 1 1 1 1 1 1 2 3 4 5 13 24 4 4 4 1 2 10 43 3 7 1 5 5 1 1 2 5 50 3 2 1 8 7 6 5 3 1 2 4 4 1 2 3 16 4 6 1 1 2 3 262 4 805 3 3 2 1 1 1 1 1 1 1 1 1 1 2 1763 9 5 1 3 7 8 8 9 12
2 2 1 2 98 5 102 81 70 5 3 1 1 2 1 3 3 1 2 3 2 2 1 1 1 3 5 7 7 3 3 3 3 1 2 7 37 5 2 6 3 1 4 1 2 4 24 21 2 1 7 6 5 4 2 1 3 3 3 4 9 12 3 3 2 1 2 3 261 2 1 2 810 817 3 2 2 3 1 1 2 2 1 1 1 1 1 3133 3149 3154 8 9 1 1 1 1
1 1 2 1 1 206 3 2 1 1 1 1 1 1 1 4 4 2 3 6 3 2 2 1 1 1 1 3 3 2 2 2 2 1 3 3 30 6 4 1 5 2 3 1 3 2 21 18 2 1 6 5 4 3 1 2 2 2 2 4 2 2 2 1 1 1 2 3 254 1 1 2 3 7 833 836 839 4 2 2 3 3 1320 2 1 1 1360 9 1 10 3188 2 2 1 1 1
1 1 1 3 3 212 2 1 1 1 1 1 2 2 2 9 1 6 7 4 3 3 2 1 1 1 2 1 1 1 1 1 1 2 2 3 21 5 5 3 4 1 2 2 1 5 15 6 11 1 5 4 3 2 1 1 1 1 1 1 1 1 1 1 1 3 4 250 2 1 1 2 3 3 2 32 36 879 888 893 894 1315 1 1335 1343 1357 1 8 8 1 4 3204 3207 2 2 2
1 2 2 2 221 2 1 1 1 1 2 3 3 3 12 1 8 29 21 16 12 8 5 3 1 1 1 1 1 1 1 1 1 1 2 2 8 10 4 4 2 3 1 1 4 2 12 5 5 5 4 3 2 1 1 2 3 4 5 1 1 1 1 2 2 3 4 241 2 1 1 2 2 1 28 3 3 3 2 2 415 2 10 3 4 6 7 7 7 1 2 15 5 3216 3222 3225
42 46 49 52 224 1 2 1 2 2 3 4 90 83 68 67 37 7 6 5 4 3 2 1 1 1 3 3 2 3 2 1 1 1 1 4 3 3 6 3 3 1 2 3 1 2 9 4 4 4 3 2 1 1 2 3 4 1 2 6 2 2 2 2 3 4 230 6 2 1 1 1 1 24 3 2 2 2 1 1 414 1 9 2 3 5 6 6 6 1 5 9 4 3 1 5
2 3 5 6 284 3 2 1 3 3 118 114 16 1 2 4 16 12 5 4 3 2 1 2 1 1 1 4 9 3 2 3 1 1 1 2 2 2 2 3 2 2 1 2 1 4 4 3 3 3 2 1 1 1 1 1 1 5 1 3 7 3 3 3 6 199 26 3 2 1 1 2 5 17 2 1 1 1 1 392 12 9 8 1 2 4 5 5 5 4 4 4 3 2 1 3
2 1 1 2 3 293 1 2 143 136 12 6 3 14 1 1 3 3 6 3 2 1 1 3 2 2 1 2 17 3 5 1 3 1 1 1 1 1 1 1 1 1 1 1 2 1 3 2 2 2 1 1 2 4 2 2 2 2 6 2 6 8 4 8 192 20 3 2 2 1 1 2 14 2 1 1 1 2 385 5 1 10 8 7 1 3 4 4 4 3 3 3 2 1 2 2
1 2 3 4 5 6 297 150 6 5 5 5 5 2 12 2 1 2 2 2 1 1 1 5 3 3 2 3 21 6 1 4 4 3 1 1 1 1 1 1 1 1 1 1 1 1 1 1 1 1 1 2 3 4 9 12 15 3 6 13 14 78 130 134 49 16 3 2 1 1 1 11 2 1 1 1 3 380 2 1 3 4 5 7 6 2 3 3 3 2 2 2 1 1 1 1
1 1 1 1 1 1 457 3 2 1 4 4 4 4 1 9 2 1 1 1 1 1 3 6 4 4 3 4 28 2 5 5 4 3 2 2 1 2 2 2 2 3 2 1 1 1 1 1 1 1 1 3 4 5 12 17 22 43 49 56 57 43 2 1 48 5 10 2 1 1 3 6 1 1 1 3 372 2 2 1 2 3 4 6 5 1 2 2 2 1 1 1 1 2 3 4
1 2 2 2 2 460 7 6 5 4 3 3 3 3 3 2 4 2 1 1 1 2 2 10 5 5 4 33 3 19 13 7 2 1 3 1 2 3 3 3 6 3 2 1 2 2 2 2 3 1 1 1 2 6 4 4 5 5 6 2 40 2 1 1 46 4 6 3 1 1 4 1 1 1 3 4 364 1 1 1 1 2 3 5 3 1 1 1 1 1 1 1 1 1 2 3
1 2 3 3 5 474 6 5 4 3 2 2 2 2 2 2 1 1 1 2 1 2 3 13 6 6 66 28 24 4 3 2 1 1 4 2 3 4 4 4 10 3 2 1 3 3 3 6 2 1 1 1 3 3 3 4 4 5 1 10 27 1 9 22 23 3 4 1 2 1 2 1 1 3 4 352 5 5 4 3 2 1 2 4 1 1 1 1 1 1 2 2 2 2 1 2
2 1 3 4 9 480 5 4 3 2 1 1 1 1 1 1 1 1 1 4 2 1 3 17 7 73 8 7 4 3 2 1 1 1 6 3 4 5 5 15 4 3 2 1 4 7 7 8 5 3 1 1 2 2 3 3 4 4 9 18 8 8 9 3 22 2 1 2 1 1 1 1 3 4 5 347 1 4 3 2 1 1 1 2 1 1 1 2 2 3 3 1 3 3 6 7
1 3 5 4 494 2 1 1 3 2 1 1 1 1 1 1 1 1 2 2 7 2 1 21 92 11 2 1 2 1 1 1 1 3 7 4 5 6 21 5 4 3 2 1 12 8 9 1 3 2 1 1 1 2 2 3 3 4 7 10 7 7 8 2 17 4 1 1 1 1 1 2 1 2 9 325 6 5 4 3 2 1 1 1 1 1 2 2 5 3 4 5 1 4 5 212
150 153 156 169 497 1 2 4 1 1 2 2 2 2 2 1 1 2 2 3 3 8 4 123 9 7 4 2 1 1 1 2 3 4 8 5 6 28 6 5 1 6 1 14 9 10 2 4 1 1 1 1 1 1 2 2 3 6 1 8 6 6 7 1 16 2 1 1 1 2 2 2 5 6 76 324 5 4 3 2 1 2 1 1 1 2 4 7 8 20 26 32 38 40 200 6
1 2 3 1 668 4 5 2 2 3 3 3 3 3 2 1 1 2 3 3 4 12 130 2 1 1 2 1 1 1 2 4 4 5 9 6 7 35 6 2 7 1 16 10 11 3 5 2 2 2 2 1 1 1 1 2 2 3 3 4 5 5 6 11 4 1 1 1 2 2 3 6 71 75 4 229 9 8 7 6 5 2 1 1 2 2 3 4 6 2 1 1 2 3 156 2
1 2 1 2 3 673 11 3 4 4 4 4 4 3 2 1 1 2 3 4 4 147 6 5 4 3 1 1 1 2 2 7 5 6 10 7 43 7 3 8 1 18 11 12 4 9 3 3 3 3 2 2 1 1 1 1 2 2 3 4 4 5 10 2 1 1 1 3 5 8 58 64 2 1 3 2 226 14 13 5 4 3 1 1 2 3 1 1 1 1 1 1 1 149 6 4
1 1 2 3 4 681 12 5 1 9 10 5 4 3 2 1 1 2 3 4 9 158 4 3 2 1 1 1 1 2 3 3 13 7 11 51 8 4 1 9 20 12 13 16 11 1 4 4 4 3 3 2 2 1 1 1 1 2 3 3 4 4 5 1 1 1 3 4 41 47 3 2 1 2 1 1 202 8 6 7 3 2 1 1 3 3 5 1 1 1 2 2 4 147 1 1
1 1 1 2 3 4 701 2 10 11 1 5 4 3 2 1 1 2 3 4 14 159 3 2 1 1 1 1 3 1 3 4 4 21 12 60 5 2 82 72 51 38 24 7 6 5 5 5 4 12 8 5 2 2 1 1 1 2 2 3 3 4 3 4 5 7 21 36 3 2 2 1 1 1 2 3 188 10 1 5 3 2 1 1 2 6 10 23 25 27 29 40 126 7 8 5
1 2 2 1 2 3 720 11 12 2 6 5 4 3 2 1 1 2 3 4 19 163 4 3 2 1 1 2 2 4 2 4 9 22 234 161 155 152 69 68 67 66 65 64 63 62 56 39 34 21 20 19 16 5 3 1 1 1 2 2 3 2 1 2 10 13 12 2 2 1 1 1 1 2 3 163 2 22 9 6 4 3 1 1 3 4 7 2 4 6 8 1 84 3 3 2
4 6 9 12 13 43 764 13 3 13 6 5 4 5 2 1 1 2 3 4 24 173 5 4 3 1 1 2 3 3 5 7 10 257 21 20 19 18 17 16 15 14 12 10 5 4 3 11 5 4 3 2 2 8 6 3 2 1 1 2 1 1 2 7 2 10 1 1 1 1 1 1 3 4 156 3 1 3 18 2 5 2 1 1 1 2 1 1 1 1 1 2 81 1 2 2
5 6 7 21 29 2 5 800 14 19 18 12 7 1 2 1 1 2 3 8 202 4 3 2 1 1 1 2 3 4 4 13 11 287 8 7 6 5 4 3 2 1 1 1 4 3 2 2 5 3 2 1 1 1 1 2 1 1 1 1 2 3 4 1 7 2 1 1 1 1 2 2 3 4 151 1 1 2 3 14 1 2 1 1 2 3 1 1 1 1 2 71 3 5 2 1
3 10 13 7 1 2 1 802 21 1 1 8 7 6 3 1 1 3 3 217 7 6 3 2 1 1 2 2 3 4 9 14 327 28 27 26 25 24 20 8 7 6 5 4 3 2 1 1 1 1 1 1 1 1 1 1 2 1 1 2 3 4 5 6 1 1 2 31 35 37 52 60 83 85 59 2 1 1 2 10 3 1 1 1 1 1 5 7 9 11 63 5 2 1 1 1
6 2 5 1 1 1 8 11 826 2 13 4 3 2 1 1 2 3 7 234 2 1 2 1 1 1 2 3 3 4 14 354 12 11 10 9 6 3 3 11 9 5 4 3 2 1 1 1 1 2 2 2 2 2 2 3 1 1 1 2 3 4 5 6 7 21 27 2 5 13 5 19 3 1 5 53 2 1 1 5 4 1 1 1 3 5 37 40 42 48 3 3 1 1 1 1
1 2 2 2 4 6 2 3 841 14 5 4 3 2 1 1 2 3 4 243 4 3 2 1 1 2 2 3 4 8 374 5 4 3 2 1 2 2 2 2 1 3 2 1 1 2 2 1 2 3 5 3 3 3 4 2 2 1 1 1 2 3 4 9 13 5 1 4 7 4 11 7 2 1 3 46 4 1 1 3 2 1 1 3 4 31 2 1 2 3 2 1 1 1 1 2
1 1 1 1 1 1 2 1 2 862 1 4 3 2 1 1 1 2 3 251 4 3 2 1 1 3 3 3 11 383 8 7 6 5 4 3 2 1 1 1 1 1 1 2 3 1 3 2 6 6 4 4 4 5 3 3 2 2 1 1 1 2 4 3 3 1 3 6 1 2 10 6 1 2 7 19 19 2 1 2 1 2 3 4 14 12 1 1 1 1 1 1 1 1 2 2
