Basics/FAC.asc
ncols        598
nrows        650
xllcorner    108.335000000000
yllcorner    32.655000000000
cellsize     0.000833333333
NODATA_value  -9999
[rows 74 to 147 of 650, columns 480 to 575 of 598]
1 2 8 19 2 1 2 1 3 4 2 5 1 40 32 5 11 3 2 1 10 8 9 40586 7 5 5 6 4 3 2 1 5 6 41 2 1 2 1 1 2 3 4 8 232 17 16 8 2 1 4 3 1 1 2 2 3 3 152 4 3 2 1 2 1 1 1 1 1 3 6 2 1 2 2 1 1 2 7 1 47 910 3 2 1 1 2 8 25 3 2 1 1 1 2 6
1 1 7 16 2 1 1 2 3 1 4 1 39 28 3 4 10 2 1 9 7 7 10 11 40600 6 7 5 4 3 2 1 6 7 44 1 3 2 1 1 2 3 8 241 10 9 5 7 5 4 3 1 1 1 2 3 3 7 157 2 1 1 3 1 2 2 2 1 1 2 6 13 4 1 3 3 2 1 2 8 967 8 7 5 2 1 1 2 5 21 4 3 2 1 1 2
1 2 4 13 2 1 1 2 2 3 1 37 19 8 2 3 9 1 8 6 6 2 2 3 40612 14 6 5 4 3 1 2 7 52 2 4 3 2 1 1 2 3 12 254 2 1 3 4 6 4 2 1 1 1 3 3 4 11 160 1 2 4 2 12 9 6 3 1 1 3 5 6 20 26 4 1 4 3 1 4 978 2 1 1 2 1 1 1 2 2 16 10 7 3 2 1
2 1 3 10 2 1 1 1 1 2 35 12 6 7 1 2 8 7 5 5 1 1 1 5 40708 1 1 6 8 2 1 3 8 60 5 4 3 2 1 1 2 3 270 4 3 2 1 2 3 1 1 1 1 3 1 4 4 16 202 40 37 32 26 11 8 5 3 1 1 1 3 5 7 8 40 45 47 5 4 5 981 2 1 1 1 3 1 1 1 1 2 3 2 3 1 1
5 1 2 7 2 1 1 2 22 32 9 2 5 6 1 7 6 4 3 1 1 2 3 73 3 40718 2 7 9 4 4 9 61 1 5 4 3 2 1 1 2 6 280 5 4 3 2 1 1 2 1 1 1 2 4 2 5 228 6 5 4 3 3 2 2 2 1 1 1 2 1 1 3 5 2 4 5 53 6 991 2 1 2 2 4 1 2 1 1 2 1 1 2 1 1 1
5 4 1 5 1 1 1 19 9 6 2 1 4 5 6 5 3 1 1 1 1 2 72 2 1 2 40751 40759 10 5 14 62 2 6 5 4 3 2 1 1 2 293 4 3 2 1 1 1 1 1 1 1 2 3 6 5 8 235 4 3 2 1 2 2 1 1 1 1 1 1 1 2 1 1 1 1 2 3 54 1000 64 63 56 49 40 33 11 9 7 4 3 2 1 1 1 1
3 1 3 3 1 5 17 1 7 5 1 3 4 5 4 1 1 1 1 1 3 67 2 1 1 1 31 8 40784 40797 40874 3 7 6 5 4 3 1 1 2 4 297 3 2 1 2 2 2 2 2 1 2 1 1 1 8 1 253 5 4 3 2 1 1 1 1 1 2 2 2 1 1 1 1 1 1 1 2 60 1070 5 4 4 4 4 5 19 15 11 8 4 3 1 1 1 3
1 1 2 2 4 1 10 5 1 4 2 3 4 3 3 5 6 1 3 39 61 2 1 1 2 30 6 1 6 7 6 40903 7 6 5 4 2 1 1 4 302 3 2 1 3 3 3 3 3 2 3 1 1 2 2 1 11 259 5 4 3 2 1 1 1 2 2 3 5 1 1 2 2 2 2 2 4 1 1136 4 3 2 3 3 3 3 4 3 3 2 3 1 1 1 2 5
1 1 1 1 3 1 8 4 3 1 2 3 2 2 1 1 2 9 34 19 2 1 1 2 27 3 2 5 1 5 5 5 40916 12 5 3 1 1 3 5 308 2 1 4 4 4 4 4 3 4 2 1 1 2 3 3 271 5 4 3 2 1 1 2 2 3 3 9 5 3 1 1 4 7 10 13 14 19 1156 3 2 1 1 2 2 2 2 3 2 2 1 1 1 1 2 3
2 1 1 1 1 4 3 3 2 1 2 1 1 1 2 15 16 24 15 3 1 2 6 21 3 2 1 4 4 4 4 5 40927 10 4 1 2 2 4 314 1 1 5 5 5 5 5 4 5 3 2 1 1 2 3 4 280 6 5 4 3 2 1 3 3 4 23 10 4 3 1 1 2 3 4 5 6 7 1160 5 4 3 2 1 1 1 1 1 2 1 1 1 1 2 2 3
15 4 2 1 1 2 2 2 1 1 1 2 3 4 12 3 7 10 4 2 1 3 4 10 2 1 3 3 3 3 4 4 5 40939 1 2 3 3 319 2 2 6 6 6 6 6 5 6 4 3 1 2 2 1 3 4 295 4 3 2 1 1 1 5 8 28 4 3 2 1 1 1 2 3 4 5 6 7 1177 4 3 2 1 1 1 1 3 2 1 1 1 1 2 4 5 1
6 9 6 3 1 1 1 1 1 1 2 3 5 7 2 3 6 3 3 1 2 3 5 4 1 2 2 2 2 3 3 3 6 40947 1 3 4 4 320 3 9 7 7 7 7 6 7 5 4 1 2 3 3 1 2 308 5 4 2 1 1 1 3 14 34 5 4 3 2 1 1 2 3 4 5 6 7 8 1190 5 4 3 2 2 2 8 4 3 2 1 1 2 4 1 5 6
2 3 2 2 1 1 1 1 1 2 1 1 1 1 2 3 2 2 2 1 2 3 1 3 1 1 1 1 2 2 2 2 1 3 40956 41960 41961 41987 42309 42315 42325 23 8 8 7 8 6 5 2 1 3 4 1 5 316 5 3 1 1 1 2 2 59 41 6 5 4 3 2 1 1 1 2 3 4 5 6 15 1213 22 21 20 19 16 13 4 3 2 1 1 1 2 1 5 2 6
1 1 1 1 1 1 3 5 3 3 2 1 1 1 1 1 1 1 1 1 1 1 1 1 1 1 1 1 1 1 1 1 2 2 2 1000 12 5 1 2 1 42355 17 8 9 7 6 3 2 1 4 5 2 326 4 2 1 1 1 1 4 90 28 24 22 5 4 3 2 1 1 2 3 4 1 1 2 1231 20 19 18 17 14 10 9 7 5 2 1 1 2 2 3 2 6 3
1 1 1 1 1 1 1 2 8 15 3 2 2 1 1 1 1 1 1 1 1 1 1 1 1 2 2 2 1 1 1 1 1 1 999 8 3 4 1 4 5 1 42383 10 8 7 4 3 1 2 5 6 331 2 1 1 1 1 1 3 99 4 2 3 1 16 12 3 2 1 1 3 4 5 10 12 13 1265 4 3 2 1 2 3 1 1 1 2 1 1 2 5 8 4 3 10
2 3 1 2 1 2 2 3 4 5 21 27 3 2 2 2 1 2 3 2 2 2 2 1 2 2 3 5 2 2 1 3 988 998 4 3 2 3 3 1 4 5 42390 9 8 5 4 2 3 1 6 342 4 2 1 1 1 2 5 102 2 1 1 1 2 1 2 8 3 1 1 2 3 4 5 6 7 8 1274 4 3 2 1 1 1 1 1 1 1 1 2 1 1 9 5 289
4 4 2 3 2 3 1 1 2 3 4 5 33 39 3 3 1 2 3 6 3 3 3 2 1 3 6 12 956 970 978 984 5 4 3 2 1 2 2 2 154 160 161 42575 6 5 3 5 1 1 352 2 1 1 1 2 131 127 121 6 5 4 3 2 1 1 1 2 2 1 1 2 3 4 5 6 7 1 1286 3 2 1 1 1 2 2 2 1 1 3 1 3 2 2 10 304
5 5 3 4 3 4 1 2 1 1 1 1 2 3 46 4 2 1 3 4 10 4 4 3 2 3 937 941 6 5 6 5 4 3 2 1 1 1 1 153 5 4 7 42593 6 11 7 1 1 354 2 1 1 1 2 141 7 6 3 12 6 5 4 3 2 1 1 1 1 1 2 3 4 5 6 7 8 1303 3 2 1 2 2 3 3 3 2 1 1 2 5 1 4 3 13 306
6 6 4 5 4 5 1 2 3 2 2 2 1 2 3 50 7 2 1 4 763 775 781 784 920 924 6 3 5 4 5 4 3 2 1 1 2 3 152 4 3 2 2 2 42605 1 3 2 359 4 1 2 1 4 147 5 4 2 2 2 5 4 3 2 1 2 1 1 1 1 2 3 4 5 6 7 8 1315 1 1 3 1 6 4 4 3 2 1 1 2 3 6 2 8 14 309
7 7 5 6 5 6 2 1 3 7 10 5 1 1 1 2 51 8 12 744 5 2 1 2 132 3 5 2 4 3 4 3 2 1 1 1 2 148 3 2 1 1 1 1 2 42618 1 365 5 4 3 1 157 151 3 2 1 1 1 1 1 1 1 1 3 2 2 2 1 1 2 3 4 5 6 7 8 9 1322 4 2 1 11 5 4 3 2 1 1 2 3 10 3 9 442 111
8 8 6 12 1 7 3 2 1 1 2 11 7 1 2 1 3 712 727 4 4 1 1 2 129 2 4 1 3 2 3 2 1 1 2 4 143 2 2 1 1 2 3 4 5 1 42987 3 2 1 1 159 5 4 3 2 1 1 1 1 2 2 2 4 3 3 3 2 1 1 2 3 4 5 6 7 19 20 1332 3 2 1 17 5 4 3 2 1 1 2 3 14 465 452 5 7
50 9 7 13 2 8 4 3 2 1 1 3 12 8 2 3 657 8 6 2 1 3 1 2 118 8 1 3 2 1 2 1 3 4 5 134 4 1 1 1 2 3 4 5 6 1 42991 2 1 1 2 167 2 1 1 1 2 2 1 2 3 3 7 4 4 4 3 2 1 1 1 2 3 4 5 11 2 5 1360 6 2 18 6 5 4 3 1 2 1 2 6 488 8 4 4 4
4 56 73 14 3 9 5 4 3 2 1 2 4 17 637 640 12 7 3 2 1 2 1 3 102 12 7 3 2 1 1 2 1 2 3 128 2 1 1 2 3 4 5 6 7 43008 2 1 1 1 171 1 1 2 2 3 1 3 2 3 4 4 8 9 5 9 5 2 2 1 1 2 3 4 5 1 2 2 2 1390 19 7 6 5 4 1 2 3 2 3 501 6 3 3 3 3
1 1 2 76 94 10 6 5 4 3 2 1 4 603 6 2 11 3 3 2 1 1 2 2 99 8 3 3 2 1 1 1 2 3 4 117 3 1 1 3 4 5 6 7 8 43020 3 2 1 2 172 2 2 3 3 4 2 4 3 4 5 13 10 6 10 1 1 3 2 1 1 1 2 3 1 1 1 1 1 2 1398 7 1 6 5 2 3 4 3 510 4 2 2 2 2 2
1 1 1 1 1 393 454 464 472 478 486 492 596 2 5 1 2 8 2 2 1 1 1 3 95 1 6 2 2 1 1 2 3 4 104 11 1 2 1 2 5 6 7 8 18 43053 1 2 1 3 173 3 3 4 4 5 7 1 8 1 19 11 22 15 4 2 4 3 2 2 1 1 2 3 4 2 1 1 1 1 1401 650 641 640 633 625 619 602 586 4 1 1 1 1 1 1
2 1 2 2 297 42 2 4 3 2 5 5 102 1 1 4 1 2 5 1 1 1 2 73 18 3 3 2 1 1 1 2 3 4 99 8 2 1 1 2 3 4 7 9 6 14 43054 4 2 4 174 4 4 5 5 43404 43423 9 2 58 38 26 3 2 1 5 4 7 4 1 1 3 5 7 11 16 19 2 2 2 2062 9 5 1 2 3 4 5 12 71 3 2 1 1 1 2
180 182 183 293 38 3 1 3 2 1 4 4 98 3 2 1 3 1 2 2 1 2 7 65 14 3 2 2 1 1 2 3 4 5 89 4 3 1 1 2 1 2 1 5 7 64 70 43136 43150 5 1 43376 43383 43390 43392 1 1 43490 64 5 4 3 2 1 6 5 10 2 1 1 1 1 1 2 3 4 5 25 3 2074 4 3 3 3 1 2 3 4 5 6 70 3 2 15 13 10
2 1 104 3 35 2 2 2 1 2 1 3 3 94 11 2 1 2 1 1 1 4 59 5 10 3 2 1 1 1 2 3 4 71 17 2 1 2 1 1 2 3 4 6 63 4 1 7 6 43152 43191 5 2 1 1 1 1 43494 3 2 1 1 1 7 19 13 2 1 2 1 2 1 1 1 2 3 4 5 31 2109 3 2 2 2 2 1 2 3 4 5 5 61 52 14 13 12
1 2 100 2 1 33 1 1 1 1 2 1 1 82 1 8 3 2 1 1 2 53 5 4 2 7 2 1 1 2 3 4 22 44 14 2 1 1 1 2 3 4 5 59 3 3 2 4 5 1 38 4 1 1 2 3 43504 7 4 3 2 2 30 22 2 1 1 3 1 2 4 1 1 1 2 3 4 5 6 2112 2 1 1 1 1 1 1 2 3 4 4 4 4 22 10 4
2 78 19 2 1 2 30 2 1 1 1 2 68 5 7 3 4 1 1 1 2 50 4 3 1 4 2 1 1 2 3 17 21 22 11 2 1 1 2 3 4 5 48 10 2 2 1 3 4 7 30 3 1 3 4 43514 2 1 2 1 3 31 2 1 1 2 4 1 2 7 2 2 1 1 2 3 4 5 2124 5 4 3 2 1 5 4 3 1 2 3 3 3 3 3 8 5
5 70 16 2 1 1 27 2 1 1 2 3 62 2 2 3 2 2 1 1 4 41 4 3 2 2 1 1 1 2 13 19 1 21 9 1 1 1 2 3 4 37 5 9 1 1 2 3 6 26 3 2 1 1 10 43541 1 1 1 4 32 3 1 2 1 3 5 2 3 10 3 2 1 1 2 3 4 5 2135 13 12 11 10 9 3 2 1 2 1 2 2 2 2 2 3 4
24 45 13 2 1 1 20 3 1 1 2 5 46 10 1 1 2 1 1 2 20 17 3 3 2 1 1 1 2 10 17 1 2 18 7 1 1 2 3 12 27 5 4 3 5 1 2 5 21 4 2 1 3 8 5 16 43547 43550 2 37 4 2 1 3 2 4 8 1 14 4 3 2 1 1 1 2 3 4 2163 10 9 8 7 6 5 4 3 2 1 1 1 1 1 1 2 2
16 28 11 1 1 1 16 2 1 1 2 3 35 7 9 3 2 1 1 12 7 12 4 2 2 1 1 2 7 14 2 1 2 15 4 2 1 2 8 10 4 4 3 2 4 1 4 6 14 3 1 2 4 4 5 5 5 1 43552 43592 9 2 1 4 3 13 2 15 5 4 3 2 1 2 1 2 3 4 2181 13 12 11 10 8 6 3 2 1 1 1 1 1 1 1 1 1
1 27 7 3 1 1 7 7 1 1 2 18 12 4 6 5 2 1 1 9 6 2 9 3 1 1 2 4 9 4 1 1 2 12 3 1 2 5 6 3 3 3 2 1 3 3 5 10 3 2 1 3 3 4 4 4 1 2 1 1 43604 2 1 8 1 16 16 6 5 4 3 2 3 1 1 2 3 4 2190 4 3 2 1 1 1 2 1 1 1 2 2 2 2 5 2 1
2 24 3 3 1 2 4 5 1 1 2 15 11 3 3 2 2 1 1 7 5 1 2 6 2 1 1 5 3 2 1 1 4 7 2 1 2 3 2 2 2 2 1 2 2 4 6 3 2 1 2 2 3 3 3 1 2 3 3 43607 1 1 2 9 18 17 7 6 5 4 3 4 2 1 1 2 3 4 2201 6 5 4 3 2 1 1 1 2 2 3 3 5 7 1 1 1
2 11 10 2 2 1 3 3 1 2 9 5 6 4 2 2 1 1 3 3 2 2 1 3 2 1 2 2 2 1 2 3 4 2 1 1 1 1 1 1 1 1 1 1 3 3 2 2 1 1 1 2 2 2 2 4 5 6 43624 1 2 1 48687 48698 48749 32 7 1 6 8 5 3 2 1 1 1 2 3 2205 4 3 2 1 1 1 2 2 3 3 4 17 8 1 2 1 1
6 4 6 3 1 1 2 2 1 2 4 4 4 1 3 1 1 1 1 1 1 1 1 1 1 1 1 1 1 1 1 2 1 1 1 1 1 1 1 1 1 1 1 2 1 1 1 1 1 1 1 1 1 1 1 1 2 3 4 43625 48677 48679 3 1 1 48752 2 1 7 9 9 3 2 2 1 1 2 3 2216 3 2 1 2 1 2 3 3 4 26 18 1 2 3 1 2 2
4 3 3 2 2 1 1 1 1 1 2 3 2 1 1 1 1 1 1 1 1 1 1 1 1 1 1 1 1 1 1 1 1 1 1 2 2 3 2 2 2 2 1 1 1 1 1 1 1 2 2 1 1 1 1 1 1 1 2 5047 1 1 2 1 2 48761 1 2 8 10 48813 3 3 2 1 1 1 2 2224 5 4 3 1 2 3 4 8 27 1 2 1 3 4 2 3 3
2 2 1 1 1 1 1 1 1 1 1 1 1 1 1 1 1 3 2 2 2 2 2 2 2 2 2 2 2 1 2 3 2 2 1 2 3 3 6 3 5 2 1 1 2 2 2 3 2 3 3 2 2 1 2 2 2 2 1 5040 3 2 1 1 3 4 48762 48778 48788 48800 1 48826 5 2 1 1 2 3 2228 3 2 1 2 3 4 41 28 2 1 3 2 4 7 1 4 4
1 1 1 1 1 2 2 3 2 1 1 1 1 1 2 1 2 2 6 3 3 3 3 3 3 3 3 3 3 1 2 6 3 3 2 1 3 4 8 10 6 3 2 2 1 3 3 3 4 6 1 4 3 4 1 5 3 5014 5019 10 10 2 1 1 2 7 10 3 1 1 1 48831 3 2 1 1 2 4 2231 2 1 3 1 4 46 1 1 3 2 4 3 5 9 5 1 5
1 1 1 2 2 4 3 6 2 1 2 2 2 2 3 1 2 5 8 18 4 4 4 4 4 4 4 4 4 1 2 3 10 4 3 2 1 4 1 10 17 4 3 3 2 1 7 1 4 5 7 2 5 8 4962 4999 5005 3 4 9 5 2 1 1 2 2 2 1 1 1 1 48833 1 1 2 2 3 2236 1 1 4 1 2 51 1 2 2 4 3 5 4 6 15 2 1 6
2 2 1 1 4 3 8 9 2 1 3 5 3 1 1 4 2 1 2 3 23 5 5 5 5 5 5 5 5 1 2 3 4 15 4 3 2 5 1 1 28 5 4 4 3 2 8 2 1 5 6 8 8 4952 26 5 5 2 3 8 2 2 1 1 1 1 1 2 1 1 48837 1 1 1 4 51374 2240 1 3 5 2 1 54 1 2 1 5 5 4 6 5 22 3 2 1 7
5 2 1 1 1 5 12 10 4 1 4 6 5 1 1 2 5 3 1 1 5 29 6 11 1 6 6 6 6 1 2 3 4 5 20 4 3 6 1 2 2 34 5 5 1 4 3 11 2 6 7 9 4926 17 25 4 4 1 2 4 3 1 1 1 2 3 4 5 8 10 124 48963 1 3 49130 1 51389 13 12 3 2 1 55 2 3 1 7 6 5 7 51605 51631 3 2 1 8
3 2 1 1 2 2 18 11 6 1 5 7 7 2 1 1 3 6 4 2 1 35 7 13 1 7 7 7 1 7 4 1 4 5 11 37 4 7 2 1 3 37 6 6 1 2 8 12 4887 4897 4907 4912 4 16 20 4 3 3 1 3 1 1 1 2 3 4 96 101 103 123 1 1 49119 49122 1 1 51390 2 1 3 1 2 56 1 6 2 51570 51579 51588 51590 2 1 51640 2 1 9
4 3 2 2 1 3 3 30 7 2 6 8 10 1 2 2 4 7 1 6 3 2 43 14 9 8 1 1 8 2 8 6 5 1 1 1 43 8 1 3 2 4 38 13 1 4 4863 4867 5 3 2 4 3 4 11 19 3 2 2 1 1 1 1 1 15 91 4 1 4 9 145 149 4 1 1 1 51395 1 1 5 2 3 57 51548 51556 51558 2 2 3 1 1 1 51645 3 1 12
5 4 5 1 1 2 4 41 3 1 7 19 2 1 3 3 12 1 1 1 7 4 46 15 18 2 1 1 3 12 11 7 6 2 1 1 1 52 2 1 4 3 5 39 14 4854 18 3 4 2 1 3 2 3 10 15 3 2 1 1 1 1 3 13 73 2 3 2 1 4 144 2 2 1 1 4 51397 1 1 1 51476 51484 51546 3 1 1 1 1 1 1 1 2 51648 311 310 297
6 5 7 1 1 2 5 49 2 1 1 29 2 1 1 7 14 1 1 2 2 10 5 62 21 2 1 1 1 2 15 34 7 3 2 1 2 54 1 4 1 8 6 1 40 4776 3 17 2 3 1 2 1 2 9 12 2 2 1 1 2 4 8 70 2 1 2 1 3 2 141 1 1 2 5 26 51424 1 51434 51462 5 4 1 1 1 1 1 1 1 1 1 1 51961 4 3 1
7 13 2 1 2 1 1 60 2 1 1 33 1 2 2 8 15 2 2 1 3 1 12 80 24 2 2 1 1 1 2 3 38 11 3 2 3 55 2 1 6 15 4708 4721 4769 1 2 2 16 1 2 1 1 1 8 5 6 1 1 1 2 3 60 3 6 1 1 2 1 1 138 1 1 2 2 16 4 51432 26 1 4 2 1 1 1 2 1 3 2 2 2 1 51969 3 1 1
8 14 3 4 1 2 1 61 1 1 2 36 1 3 3 9 16 3 3 2 1 4 1 2 107 3 2 1 1 2 1 2 3 42 15 3 4 56 1 3 4404 4686 3 8 1 46 19 1 1 15 3 2 1 2 5 4 3 2 1 2 3 54 5 2 3 2 1 1 2 3 132 2 1 1 4 9 3 2 5 20 3 1 1 1 2 2 51999 51995 51990 51985 51980 51976 4 1 1 1
1942 1957 4 5 2 3 2 63 1 1 4 37 2 1 7 10 17 4 4 3 2 5 1 1 111 6 2 1 2 3 1 1 2 4 48 67 68 4389 4392 4399 3 278 2 1 6 24 2 18 16 1 11 2 1 1 4 3 2 1 1 2 47 3 4 1 2 1 1 2 3 117 12 2 1 3 1 7 2 1 4 19 2 1 2 2 2 52006 2 1 2 2 1 1 1 1 1 1
3 7 1978 1984 1987 4 3 64 2 1 6 38 3 2 8 11 18 5 5 4 3 6 2 1 113 7 3 2 3 4 2 1 1 1 1 3 4259 1 1 6 2 276 1 1 2 3 23 1 1 14 5 8 4 1 3 2 1 2 3 6 38 2 2 1 1 1 2 3 4 113 8 3 1 2 4 2 1 3 6 12 1 1 2 5 52018 2 1 1 1 1 1 1 1 1 1 2
1 2 9 2 3 1995 4 65 1 4 2507 2554 2563 3 1 2608 2630 2636 2642 5 4 9 1 1 1 121 4 3 4 5 3 2 1 1 1 1 4250 4 4 1 1 268 7 1 1 2 20 2 1 4 4 4 3 2 2 1 1 1 2 26 5 6 1 1 1 1 2 3 4 104 4 3 2 1 3 1 2 5 9 2 1 2 3 4 52024 1 1 1 1 1 2 2 2 2 2 1
1 2 6 1 1 4 2004 1 2487 2490 6 8 5 2573 2582 5 3 2 3 2658 2663 10 2 2 2 122 5 1 4 10 3427 3432 2 2 1 1 4248 3 2 1 1 265 1 5 4 1 2 17 2 1 3 3 3 2 1 1 1 2 21 4 4 2 3 1 1 3 4 5 69 31 3 3 2 1 2 1 4 6 2 1 1 2 3 8 54 52079 2 2 2 2 3 3 52130 52135 52140 52145
1 4 1 1 2 1 6 2416 3 2 5 7 4 9 5 4 2 1 3 4 3 2677 3 3 3240 3241 3369 1 3391 3413 2 1 3434 3454 3463 4244 3 1 1 1 2 261 3 2 1 3 1 5 9 3 2 2 2 2 1 1 2 6 12 3 3 1 2 1 3 4 21 24 39 29 1 2 2 1 1 3 4 1 1 1 2 3 4 27 18 9 52094 52100 52106 52112 52118 52127 3 2 2 1
2 1 1 2 3 4 402 3 2 1 4 6 3 8 4 3 1 2 3 2 2 7 3223 3231 3 4 5 3385 19 2 1 2 17 3 2 2 778 2 1 1 2 252 4 3 2 1 2 1 3 5 1 1 1 1 1 1 3 6 5 2 2 1 1 8 9 16 2 15 23 23 5 1 1 1 2 1 2 3 4 5 6 7 26 17 3 5 3 3 3 3 2 2 2 1 1 1
1 1 1 1 2 397 5 4 2 1 3 5 2 7 3 2 1 2 1 1 4 1 537 4 2 3 5 4 18 1 1 10 4 2 1 1 775 2 1 1 1 246 5 4 3 2 1 1 1 1 3 2 1 1 1 1 1 4 4 1 1 2 6 1 6 1 14 17 5 12 10 3 2 1 1 1 2 1 2 3 4 18 13 3 2 4 2 2 2 2 1 1 1 1 1 1
1 1 3 5 374 12 3 4 3 1 2 4 1 6 2 1 1 1 2 3 1 2 534 3 1 2 4 3 6 11 5 4 3 1 2 3 770 4 3 1 1 4 239 4 3 2 1 1 1 1 1 1 2 2 1 1 2 1 2 1 1 3 2 4 1 13 12 4 4 4 7 9 6 2 1 1 1 2 3 10 13 8 4 2 1 3 1 1 1 1 1 2 1 1 2 2
3 5 6 7 361 9 2 2 3 2 1 3 1 4 1 2 3 4 5 6 1 2 531 2 2 1 3 2 5 10 4 3 2 1 1 2 766 4 1 1 1 2 232 2 1 1 2 2 2 2 2 3 3 2 2 1 1 1 1 1 2 1 1 1 11 8 3 3 3 3 3 3 2 3 1 1 2 3 6 2 5 2 3 1 2 1 2 3 4 5 6 1 3 2 2 5
3 4 5 341 12 7 8 1 1 2 1 2 1 2 1 1 2 3 4 5 12 528 10 6 1 1 2 1 4 9 3 2 1 1 2 3 756 1 2 1 1 2 4 225 65 63 60 56 52 47 11 7 3 3 6 4 2 1 1 1 2 3 4 9 5 2 2 2 2 2 2 1 1 1 1 1 1 2 1 1 3 1 2 1 1 2 3 4 5 6 7 14 16 4 11 1
3 4 5 335 6 5 6 7 2 1 1 1 1 1 1 2 3 4 5 6 7 498 5 3 5 1 1 1 2 8 2 1 1 2 3 742 3 9 3 2 1 1 2 6 153 2 1 1 1 2 33 30 24 12 5 4 3 2 1 1 1 2 4 3 1 1 1 1 1 1 1 1 1 1 1 1 2 1 1 1 1 1 1 2 3 4 7 9 11 13 14 15 16 48 1 1
4 5 6 322 1 5 4 5 4 3 1 1 1 1 2 3 4 1 2 3 464 25 3 4 2 3 1 1 5 2 1 1 2 3 4 738 1 1 5 2 1 1 2 3 145 5 4 3 2 1 1 2 5 8 7 5 3 2 1 1 2 1 1 1 1 1 1 1 1 1 1 1 3 2 2 1 2 3 3 1 1 1 1 1 1 2 1 1 1 1 2 3 6 9 60 61
1 2 3 313 8 2 4 3 4 2 1 1 3 5 7 1 1 6 7 8 452 16 8 2 3 1 1 2 2 1 1 1 2 3 4 733 7 6 3 2 1 1 2 3 11 130 6 5 4 3 2 1 1 4 2 1 1 1 2 2 3 1 1 1 1 3 2 2 2 2 1 2 2 6 3 2 1 3 7 2 2 2 1 2 2 1 1 1 1 1 1 2 1 1 1 1
4 5 68 309 5 5 1 3 2 1 1 1 2 3 4 12 14 15 16 443 5 3 15 7 1 2 1 1 1 1 1 2 3 4 5 721 3 2 2 2 1 1 2 3 7 6 117 7 6 5 4 3 2 1 1 1 1 1 4 3 4 2 2 1 2 5 3 3 3 3 2 1 3 3 10 3 1 2 6 10 3 3 1 4 1 4 1 2 2 2 2 1 1 1 1 1
60 62 213 16 6 4 4 1 2 1 1 1 2 3 4 5 6 7 415 11 3 1 2 14 6 3 1 1 1 1 3 5 6 7 17 689 6 4 1 1 1 1 2 5 1 5 9 100 3 2 1 4 3 2 1 1 1 3 5 4 5 3 3 1 2 3 9 4 4 4 3 2 1 4 14 4 2 1 1 7 14 4 2 1 5 6 2 3 3 3 1223 1229 1234 1238 1240 1
1 1 211 6 9 5 3 2 1 1 1 3 4 5 6 7 8 9 398 2 8 2 1 11 2 2 1 1 3 5 6 7 8 9 15 672 1 1 3 2 1 1 2 2 1 3 8 60 36 10 9 4 3 2 1 1 2 2 9 5 6 4 4 1 2 3 13 5 5 5 4 3 2 1 19 5 3 1 2 2 8 15 7 1 7 7 1196 1207 1213 1217 4 3 2 1 2 54097
3 4 206 5 2 6 4 2 1 1 2 3 4 5 6 7 8 394 3 2 1 7 1 4 6 1 1 1 2 3 4 5 6 14 2 662 7 6 5 4 3 2 1 1 2 3 4 39 20 25 10 4 3 2 1 1 3 3 3 15 7 5 5 1 2 3 7 14 11 6 5 4 3 2 20 6 4 2 1 3 3 9 16 9 1132 1186 3 4 2 3 3 2 1 2 3 54103
1 2 203 3 4 1 5 3 1 1 2 3 4 5 1 1 2 385 2 1 1 4 2 3 4 1 1 2 3 4 5 6 7 1 633 7 21 18 14 7 5 2 1 1 2 3 35 3 13 6 14 5 3 1 1 1 1 4 8 19 8 6 6 2 3 1 1 8 15 18 6 5 4 3 21 7 5 3 2 1 4 13 1105 1124 47 6 2 3 1 2 2 1 1 1 2 54106
2 193 6 3 2 3 1 3 1 1 2 3 4 5 11 13 19 361 3 2 1 3 1 2 2 1 1 2 3 4 5 22 23 24 608 2 4 2 3 6 1 2 1 1 2 11 23 2 12 5 11 2 1 1 1 2 4 6 7 35 9 1 13 3 4 2 1 2 9 16 19 12 5 4 22 8 6 4 3 2 1071 1075 5 4 4 42 5 1 2 1 1 1 2 3 8 54152
3 182 5 2 2 1 2 1 1 1 1 1 2 3 4 5 325 28 4 3 2 1 2 1 1 1 2 3 4 14 16 1 2 3 607 34 1 3 1 2 5 2 1 1 2 8 22 1 11 4 8 2 1 1 1 3 4 5 6 25 61 72 14 4 5 3 1 2 5 282 302 325 347 349 355 386 387 394 1049 1062 2 3 4 3 3 2 39 4 2 1 1 2 3 4 36 6
5 174 2 4 1 1 1 1 1 1 2 2 1 1 2 320 4 1 26 5 4 3 2 1 1 2 3 7 9 1 1 1 1 548 5 16 33 1 2 1 1 2 1 1 3 4 20 1 10 3 6 1 1 1 3 4 12 15 18 2 4 5 78 93 103 1 5 260 267 3 3 2 2 1 1 1 1 647 8 4 1 2 3 2 2 1 36 2 1 1 1 2 3 35 5 1
161 8 4 1 3 1 1 1 2 2 2 3 3 5 295 22 1 2 11 9 3 2 1 1 1 2 3 1 1 1 1 3 5 541 3 1 15 31 4 3 2 1 1 2 1 2 13 6 9 2 3 2 1 2 3 7 2 2 1 1 1 2 3 4 5 249 253 3 3 2 2 1 1 1 1 1 642 3 3 4 3 1 2 1 1 1 32 2 1 1 2 7 26 5 4 4
12 4 3 3 1 1 1 2 4 7 10 13 17 278 11 16 5 1 2 8 5 3 1 1 1 1 1 1 1 2 2 3 536 4 1 2 1 13 26 5 4 3 2 1 1 6 6 5 8 1 2 1 1 2 3 1 1 1 2 3 4 1 2 126 136 4 3 2 2 1 1 1 1 1 2 624 10 5 2 2 3 2 1 1 2 21 8 2 1 1 4 14 4 4 3 3
8 3 3 2 1 1 2 6 10 13 14 15 16 244 10 11 4 4 1 5 2 1 1 1 2 2 2 2 2 2 5 290 532 1 2 1 1 1 11 20 3 2 1 1 3 2 5 4 6 1 1 2 3 6 7 8 9 1 2 3 4 112 123 5 4 3 2 1 1 1 1 1 2 4 6 614 4 9 4 1 1 2 1 1 9 9 2 5 1 2 9 4 3 3 2 2
4 3 2 2 1 1 2 3 2 1 2 3 4 239 8 1 10 3 3 1 3 1 1 1 2 3 3 3 6 9 284 11 2 227 4 3 2 1 4 6 16 3 2 1 2 1 4 3 4 1 1 1 2 1 2 3 4 14 15 16 103 5 5 4 3 2 1 1 1 1 2 2 4 5 593 3 13 3 8 3 2 1 1 1 6 8 1 4 1 3 5 3 2 2 1 1
