Basics/FAC.asc
ncols        598
nrows        650
xllcorner    108.335000000000
yllcorner    32.655000000000
cellsize     0.000833333333
NODATA_value  -9999
[rows 148 to 221 of 650, columns 384 to 479 of 598]
4 5 5 68 14 11 8 5 3 1 1 1 1 1 3 3 1 5 4 47 8 7 5 1 1 1 1 1 1 1 2 3 4 37 37 34 4 3 2 1 1 1 1 2 1 2 3 4 5 6 1 2 68 6 2 1 1 3 2 2 3 1 1 1 1 2 3 1 2 105 188 1 1 2 2 3 3 3 3 1 3 3 1 1 1 2 3 4 5 6 7 8 9 34 30 25
3 4 4 5 48 21 16 12 5 4 2 1 1 3 4 4 2 1 57 5 4 2 1 2 2 2 1 2 2 1 2 3 8 75 5 4 3 2 1 2 1 2 2 1 3 1 2 3 1 1 7 1 1 77 2 1 1 1 5 8 11 5 2 2 1 1 1 4 1 108 190 2 3 1 3 4 4 7 1 14 9 5 3 1 1 2 5 7 10 13 16 20 24 9 20 19
2 3 3 4 21 5 4 3 6 4 1 1 4 4 5 1 5 4 66 3 1 1 1 5 3 2 1 3 3 2 1 3 4 89 2 1 2 1 3 1 2 3 3 5 1 1 1 1 5 7 9 17 19 79 4 2 1 1 2 3 4 16 8 3 1 2 2 2 5 2 305 4 60 58 54 47 40 30 20 5 4 3 2 1 1 2 1 2 2 2 3 3 7 1 19 7
1 2 2 3 4 16 4 3 2 1 2 1 4 9 19 1 7 71 2 1 1 1 2 9 3 2 1 4 1 4 3 2 8 93 1 5 2 1 4 2 3 4 9 2 1 1 2 2 1 1 2 3 4 103 7 2 1 1 1 2 3 4 21 30 5 1 3 3 3 11 306 65 4 3 2 2 2 2 8 6 3 2 1 1 1 1 1 1 1 2 2 5 1 9 9 6
1 1 1 2 3 11 4 3 2 1 1 2 3 5 6 27 79 3 2 1 1 1 4 13 3 2 1 5 1 2 5 4 104 9 8 2 1 1 5 3 4 14 3 2 1 1 2 3 3 5 6 7 8 9 111 4 2 1 1 1 2 3 8 9 45 57 58 62 66 67 383 4 3 2 1 1 1 1 1 1 2 1 1 2 2 2 1 1 1 1 3 1 4 4 8 5
1 2 1 1 2 7 3 3 2 1 1 2 1 1 2 3 107 6 1 1 2 2 18 7 3 2 1 1 7 3 1 10 114 4 3 2 1 1 7 4 19 4 3 2 1 1 2 3 4 1 1 2 3 1 122 7 2 2 1 1 2 4 2 5 5 2 6 9 10 11 456 1 4 3 2 1 1 1 1 1 1 1 2 3 3 3 2 2 1 1 1 3 3 3 4 4
5 2 1 1 1 1 5 2 2 1 1 1 2 3 4 5 116 8 2 1 3 21 8 1 3 2 1 2 1 9 5 125 7 2 1 1 1 1 9 5 24 4 1 3 2 2 1 3 4 5 2 1 1 5 1 130 5 2 1 1 1 1 2 4 1 3 2 1 2 3 468 5 1 1 1 2 2 1 3 2 2 1 3 4 4 4 3 4 1 1 1 1 2 2 3 3
5 4 3 1 1 1 2 2 1 1 1 2 3 4 5 6 7 132 3 2 25 9 2 4 3 2 3 1 1 1 10 138 2 1 2 1 1 2 2 15 29 2 1 4 3 3 1 2 6 11 17 20 22 23 29 132 8 2 2 1 1 1 2 1 2 1 1 2 3 4 476 7 2 2 3 3 1 2 6 5 2 1 4 5 5 5 8 2 2 1 1 1 1 1 2 2
30 27 24 21 16 2 1 1 1 1 3 4 5 6 7 8 9 10 146 3 35 3 5 4 3 4 2 2 1 1 3 151 1 3 2 1 1 2 3 18 32 2 5 1 7 1 1 2 1 1 1 2 6 7 8 38 141 5 2 2 1 1 1 1 2 3 4 5 10 11 12 501 3 4 4 1 2 9 6 1 1 1 2 10 6 14 3 3 2 2 2 1 1 1 1 1
1 1 2 2 3 12 3 2 1 1 2 4 7 10 12 14 15 16 17 202 4 6 5 4 5 9 6 3 1 1 2 158 4 3 2 1 1 2 3 22 35 6 1 2 8 2 1 2 3 2 2 3 1 2 3 4 184 8 3 2 2 1 1 1 1 2 3 4 1 2 3 505 5 5 1 2 12 9 2 1 2 2 3 11 21 4 10 6 3 3 8 6 4 2 1 1
1 1 1 1 1 2 8 2 1 1 1 2 2 1 1 1 2 3 4 5 213 6 5 6 10 1 3 2 1 1 2 161 8 3 2 1 1 2 5 31 42 1 1 4 9 3 2 3 4 1 3 1 1 2 3 4 5 193 6 3 2 2 1 1 1 2 3 4 5 6 7 8 524 2 3 1 24 2 1 2 3 3 4 96 63 58 46 43 33 15 6 5 4 3 1 1
2 2 1 1 1 1 1 5 3 1 1 1 1 2 3 4 5 6 7 8 233 6 7 11 2 4 3 2 1 1 2 3 176 3 2 1 1 2 1 1 75 1 1 2 5 13 3 4 5 2 4 2 1 1 2 3 4 203 10 3 3 4 2 1 1 2 3 4 9 11 13 22 23 553 2 25 2 1 1 1 6 8 103 6 5 3 1 2 9 14 4 3 2 1 1 1
5 2 2 2 2 2 1 1 1 1 1 2 3 4 5 6 7 8 9 10 11 247 12 3 5 4 1 1 1 1 1 3 4 186 2 2 1 1 3 2 79 1 1 3 6 12 29 5 6 3 5 3 2 1 1 2 3 207 14 13 9 4 3 1 1 2 3 4 1 1 8 1 2 556 28 3 1 1 1 3 122 107 3 2 1 1 2 1 2 6 9 6 2 1 1 2
15 12 9 6 3 1 3 1 1 1 1 1 2 3 4 5 6 7 1 1 2 12 263 19 13 8 6 4 2 1 1 2 3 4 189 4 1 1 2 85 1 1 1 2 4 7 10 47 48 58 64 4 4 1 1 1 2 3 235 5 4 3 2 1 1 3 4 5 6 7 1 2 3 4 588 2 1 2 2 133 7 6 5 4 3 2 1 1 1 2 3 2 3 1 1 3
16 15 14 13 7 5 1 2 2 1 1 2 3 4 5 6 7 8 8 2 1 15 291 8 7 6 5 4 3 1 1 2 3 4 15 209 3 1 3 87 2 1 1 1 2 2 2 3 6 8 10 76 85 3 1 1 1 2 244 2 1 3 2 1 1 1 2 3 4 5 6 7 8 9 602 3 2 164 159 24 22 6 5 4 3 2 1 1 1 1 1 1 1 1 1 2
10 3 2 1 5 4 3 1 3 2 2 1 1 2 3 4 5 6 15 24 3 311 4 3 2 1 1 3 2 1 1 1 3 6 3 7 220 2 4 90 4 2 1 1 1 1 2 2 1 1 1 1 2 91 2 2 1 1 251 1 5 1 1 1 1 1 2 3 4 8 10 12 13 14 15 773 165 2 1 1 1 15 12 5 4 3 2 2 1 1 1 1 1 1 1 1
22 6 5 4 3 2 1 1 5 3 3 1 2 1 2 3 4 5 6 7 32 316 5 4 3 2 4 1 1 1 1 1 2 2 3 3 7 230 5 95 1 2 1 1 1 1 1 1 2 1 1 2 3 4 96 5 1 2 252 6 1 2 2 2 1 1 1 2 3 1 1 4 6 7 8 789 3 1 1 1 1 1 1 6 5 4 3 2 2 1 3 2 2 2 1 1
2 21 12 4 3 2 1 1 2 9 5 1 1 3 1 2 1 2 3 4 5 354 3 2 1 5 2 6 4 2 1 1 1 2 2 3 3 7 243 97 1 3 2 3 1 1 1 2 4 8 11 12 13 14 24 124 134 136 255 8 3 3 3 1 2 2 1 1 1 2 3 1 1 2 14 815 2 2 2 2 1 1 1 1 1 1 3 1 3 2 6 3 1 3 2 2
1 2 6 7 4 2 1 1 3 6 15 2 2 1 4 1 4 1 1 2 3 366 1 1 6 3 7 2 1 3 1 1 1 1 2 2 3 3 7 356 358 362 3 5 2 1 1 1 1 1 2 4 6 9 3 4 4 5 397 12 8 4 2 1 3 3 3 1 1 1 2 3 4 11 2 6 823 3 3 2 2 2 2 2 1 5 2 1 6 7 4 2 1 4 3 3
2 1 2 3 2 1 1 1 2 3 10 28 3 2 1 5 1 5 7 1 1 368 3 7 4 8 3 6 5 1 2 1 1 1 1 2 2 3 4 4 9 10 376 8 1 2 2 1 1 1 1 1 2 2 3 3 4 7 8 419 1 3 1 2 4 7 2 1 1 2 1 3 6 1 3 1 831 4 3 3 3 3 3 1 2 8 2 15 8 5 3 2 1 5 4 4
1 1 1 1 1 1 1 3 4 5 6 11 40 46 2 1 6 2 1 9 11 369 16 5 9 4 7 1 1 3 2 2 1 1 1 1 2 3 3 7 1 5 6 391 2 3 3 2 2 1 1 1 1 2 2 3 2 1 2 430 4 2 1 3 5 8 4 1 2 3 1 1 1 2 2 5 6 849 4 4 4 4 1 2 11 20 17 1 6 4 3 1 1 2 10 5
1 1 1 1 1 1 1 1 2 3 4 1 4 6 55 2 1 8 11 12 13 394 17 23 13 8 2 2 4 3 3 2 2 1 1 1 2 2 5 1 4 4 5 14 408 4 4 3 3 3 1 1 1 1 2 1 1 2 3 4 439 4 1 4 6 9 5 4 4 1 1 1 1 1 2 1 2 852 5 5 5 1 2 14 23 2 1 7 5 4 2 1 2 1 3 16
2 2 2 2 1 2 1 2 1 1 1 2 1 1 3 60 63 64 65 66 67 68 437 2 1 3 3 5 4 4 3 1 4 2 1 1 1 2 2 3 3 4 8 5 9 429 435 446 450 5 2 1 1 1 1 3 4 5 6 15 20 484 486 491 7 10 10 1 6 1 2 2 1 1 1 2 3 4 863 6 2 3 15 34 10 9 8 6 5 3 1 2 4 1 1 4
1 5 3 2 1 3 2 3 2 1 3 1 1 1 1 1 3 4 5 6 7 1 508 1 4 4 6 5 5 1 5 5 3 4 2 1 1 1 2 2 3 3 4 3 9 2 1 3 3 459 4 2 1 1 1 1 3 5 8 4 4 16 8 10 502 522 12 1 7 4 3 2 1 1 1 2 3 4 872 9 4 61 45 10 9 8 7 6 4 1 2 7 2 1 1 2
7 4 3 2 1 4 3 4 3 1 1 5 3 1 1 1 1 2 4 6 7 15 524 5 12 7 6 1 7 6 6 11 7 2 1 1 1 1 1 2 2 3 2 4 4 1 2 2 2 4 470 2 2 1 1 1 1 2 3 3 15 4 3 1 2 2 547 561 12 4 3 2 2 1 1 1 2 3 4 886 66 4 3 2 1 1 7 5 1 2 3 10 1 2 2 1
14 9 5 2 1 1 8 8 2 1 1 2 8 5 2 1 1 1 1 1 2 3 4 542 1 1 7 40 31 24 17 5 4 3 2 2 1 1 1 1 2 1 3 2 1 1 1 1 1 1 4 477 4 2 1 1 1 2 2 3 11 3 2 1 1 3 19 2 578 5 4 3 3 2 1 2 1 2 3 960 3 2 1 1 2 8 1 6 2 6 1 11 2 3 3 1
5 4 3 1 1 2 10 9 4 1 1 1 2 11 8 3 1 1 1 1 1 2 3 548 2 61 53 12 10 8 4 3 2 1 3 2 2 1 1 1 1 2 1 1 1 1 1 1 1 2 1 2 484 4 2 1 1 1 2 7 3 2 1 1 2 18 1 2 6 592 5 4 4 3 2 3 1 1 2 967 1 1 2 3 9 2 1 7 9 1 13 1 3 4 1 4
3 2 1 1 1 2 3 20 6 2 1 1 1 2 20 4 2 1 2 2 2 1 2 554 65 3 2 1 1 1 3 2 1 4 3 5 2 2 1 1 1 1 1 1 2 2 2 2 2 1 1 1 2 491 2 1 1 1 1 5 2 1 2 3 15 2 1 5 2 6 622 638 648 652 3 4 1 2 3 971 2 3 4 10 3 1 2 8 11 14 1 2 4 5 1 6
1 2 1 1 1 2 5 29 7 4 1 2 1 1 4 25 3 2 1 3 3 3 1 623 1 1 1 1 1 1 11 10 9 4 12 6 5 2 1 1 2 2 2 4 7 11 15 18 21 3 2 2 1 494 7 3 1 1 1 3 1 1 2 9 2 1 4 1 5 22 1 10 1 85 741 746 767 768 780 784 1758 8 11 4 2 1 3 20 15 1 1 4 5 1 6 140
4 1 1 1 2 2 1 2 39 5 2 4 1 1 2 7 36 3 1 5 4 4 2 624 2 2 52 50 48 44 30 27 24 22 3 2 1 1 2 2 1 3 3 1 1 1 2 4 6 30 36 39 42 496 8 1 2 1 1 1 1 1 2 4 1 3 1 4 20 1 3 6 71 13 3 1 15 11 2 1 4 1773 16 3 1 2 24 16 2 1 2 5 6 2 147 39
3 2 1 2 1 3 3 1 2 45 7 2 1 1 1 2 3 37 4 7 5 5 694 67 64 59 6 4 2 2 2 2 2 1 6 3 1 1 2 3 4 4 4 1 1 1 1 1 2 2 2 3 4 551 2 3 2 2 1 1 1 1 1 2 2 1 2 18 1 2 5 63 7 12 2 1 13 10 1 3 2 4 1802 4 2 3 25 19 2 1 3 6 7 150 44 4
3 1 2 3 1 2 4 4 5 53 10 2 2 1 1 1 1 4 38 5 13 700 1 2 1 2 1 1 1 1 1 1 1 1 1 1 1 1 3 6 10 9 5 2 2 1 1 1 1 1 1 2 3 4 557 3 3 2 2 2 1 1 1 1 2 3 15 2 1 4 6 56 6 11 1 12 5 4 2 1 3 8 6 1832 1856 4 26 20 3 2 4 7 158 47 2 1
1 1 1 5 10 14 17 22 23 24 64 5 2 1 1 2 2 2 5 39 719 2 3 1 1 3 2 1 1 1 1 1 1 1 1 1 1 1 2 4 5 16 31 3 3 2 2 1 1 1 2 4 6 7 569 7 3 3 3 2 2 1 1 1 1 2 9 1 3 5 37 18 5 10 1 10 4 3 1 2 7 5 12 11 13 1880 1962 1983 4 3 5 166 49 1 1 1
1 1 1 1 2 2 3 4 1 2 27 70 3 2 1 2 3 3 6 6 771 4 2 2 4 1 1 2 2 2 2 2 2 2 2 2 1 1 1 1 3 5 6 38 45 3 3 2 2 1 1 1 2 4 5 585 4 4 12 9 6 4 2 1 1 7 1 2 4 5 31 17 4 9 1 8 3 2 1 6 4 11 10 12 6 17 55 7 1996 2180 172 50 1 2 2 1
3 1 1 1 1 1 2 3 8 9 10 67 141 3 2 1 3 7 8 15 772 3 3 5 2 2 3 1 5 3 3 3 3 3 1 4 2 1 1 1 1 1 2 6 7 56 4 3 3 2 1 1 1 1 2 3 613 19 6 5 4 3 2 1 1 4 1 3 4 22 8 16 3 8 4 3 2 1 5 3 10 9 11 5 16 54 6 1 4 4 2181 51 4 3 2 1
5 2 1 1 1 2 3 4 12 23 29 3 5 151 157 162 165 166 167 168 956 7 6 3 3 4 1 7 4 8 4 4 4 1 2 7 2 2 1 1 1 2 3 5 8 11 70 78 4 3 2 1 1 1 2 1 624 7 6 5 4 3 2 1 1 2 2 3 14 7 7 15 2 7 3 2 1 4 2 9 8 10 4 15 19 34 5 3 1 2 10 2192 2248 8 2 1
3 2 2 1 1 2 3 7 10 5 2 1 4 2 2 1 1 2 3 4 5 974 4 4 5 2 8 5 20 11 10 5 2 1 3 10 3 2 2 1 1 2 4 2 2 2 2 4 85 93 3 2 1 2 1 4 634 9 8 7 6 5 4 1 1 1 2 3 10 6 6 14 1 6 2 1 3 1 8 7 9 3 14 18 26 7 4 2 1 3 6 3 4 2257 2 5
3 3 3 1 1 1 3 3 6 4 1 3 1 1 1 2 1 1 2 3 4 984 11 6 3 9 6 24 3 2 1 1 3 2 14 4 3 3 2 1 1 1 1 1 1 1 1 2 2 4 101 3 2 1 3 649 9 8 7 6 5 4 1 2 1 1 2 5 4 5 5 7 6 5 1 2 3 7 6 8 2 13 17 16 9 6 3 1 2 5 2 13 15 2278 3 6
11 7 3 2 1 1 2 2 3 3 2 1 2 1 1 1 3 2 3 56 58 61 996 4 10 7 29 4 3 2 1 2 4 17 5 4 4 3 2 2 1 1 2 1 1 1 1 1 1 1 2 104 110 1 654 7 6 5 4 3 2 1 2 1 1 1 1 3 3 4 4 6 5 4 1 2 3 5 7 1 12 16 14 1 8 5 2 1 4 1 12 1 1 15 2310 2311
14 11 4 3 1 1 1 2 2 1 1 1 2 5 7 30 35 43 52 1 2 3 1063 15 8 30 1 1 1 1 1 1 7 23 5 5 4 3 3 2 1 1 1 4 2 2 2 1 1 1 1 2 1 111 780 6 5 4 3 2 1 1 1 2 1 1 1 1 2 3 3 5 4 3 1 2 4 3 3 11 15 11 2 3 4 4 1 3 9 11 1 2 14 10 3 2
2 2 6 3 2 1 1 1 1 2 3 5 15 18 21 3 4 3 5 1 2 2 2 1067 54 2 2 2 2 1 1 3 8 29 6 5 1 7 3 2 1 2 1 1 6 9 5 2 1 2 2 1 3 2 795 14 12 3 2 1 2 2 3 2 2 1 1 1 1 2 2 4 3 2 1 3 2 2 10 14 6 4 1 2 3 3 2 8 1 5 8 11 6 3 2 1
2 1 1 2 1 1 1 2 3 4 5 9 2 2 2 3 2 2 2 1 1 1 1 1 1069 62 3 3 2 1 2 4 38 7 6 2 8 4 3 2 3 1 1 2 3 4 14 20 24 3 1 3 2 805 4 1 1 8 7 6 3 4 6 3 2 2 2 1 1 1 1 3 2 1 2 1 1 9 13 3 2 3 1 2 2 1 7 2 4 2 2 2 3 2 1 2
1 1 1 1 2 1 1 1 1 2 3 1 1 1 2 1 1 1 1 2 1 1 1 1 2 1132 4 3 1 2 3 5 53 7 3 9 5 4 3 4 2 1 1 2 3 4 5 9 11 36 40 2 813 2 1 2 1 2 1 1 13 8 1 3 3 3 2 2 1 1 1 2 1 1 1 2 8 8 4 2 1 2 1 1 1 6 1 1 1 1 1 1 1 1 1 1
1 1 2 2 4 2 1 2 1 1 2 1 1 1 1 2 3 1 1 1 3 2 2 4 5 1144 4 2 1 3 4 59 1 4 10 6 5 4 5 3 2 1 1 2 1 2 3 1 1 2 3 44 983 123 122 119 4 1 18 16 2 1 4 4 4 3 3 2 2 2 2 1 1 1 2 5 5 2 3 1 1 1 2 3 4 1 2 1 2 1 1 1 1 1 1 1
1 3 3 3 5 4 3 2 1 1 1 3 2 2 1 1 1 5 7 9 43 51 58 59 63 1213 7 2 1 4 5 66 5 1 17 6 5 6 4 3 2 2 1 1 4 1 1 2 3 4 5 6 992 2 1 2 114 103 2 1 1 5 5 16 11 7 3 3 3 3 1 1 1 1 2 2 2 1 1 1 1 1 2 3 4 5 1 3 1 3 2 3 2 2 1 2
2 4 4 4 10 4 3 2 1 1 2 2 6 3 3 5 22 26 28 32 4 1 3 3 5 4 1225 4 1 5 158 86 85 82 61 51 12 5 13 9 6 3 1 1 2 6 1 1 2 3 4 5 995 2 1 1 2 8 82 80 65 59 53 17 16 15 14 10 6 2 2 2 1 1 1 1 1 1 1 1 1 2 1 1 1 1 6 2 4 2 4 3 4 3 3 7
3 5 25 16 5 4 3 2 1 2 1 3 1 8 13 15 3 1 3 2 1 2 2 4 3 3 6 1236 166 159 3 2 1 2 2 3 33 28 5 4 3 2 1 1 1 3 7 2 1 2 3 9 999 3 2 1 1 3 4 1 13 4 1 19 14 11 8 5 4 3 3 2 1 3 1 1 1 1 2 2 2 2 3 2 2 2 2 7 3 5 3 8 185 197 201 204
4 31 2 1 5 4 3 2 3 1 1 2 4 1 1 1 1 1 1 1 1 1 3 2 2 2 2 5 1408 4 1 3 2 1 1 1 2 4 9 4 3 1 1 1 2 2 11 1 3 4 5 15 1003 3 2 1 1 2 1 2 6 2 2 2 2 2 2 2 1 4 3 2 1 5 3 1 1 2 4 3 3 3 3 6 3 1 3 3 8 4 10 169 5 3 3 2
36 4 1 1 10 20 16 7 3 1 1 3 7 1 1 1 1 1 1 1 1 2 1 1 1 1 2 2 3 1417 4 1 1 1 2 1 1 1 2 4 2 1 1 2 4 7 3 13 1 1 2 3 1024 5 4 3 1 1 1 1 3 2 1 1 1 1 1 1 5 1 6 2 6 6 2 1 1 3 4 9 21 25 29 33 40 45 1 4 8 17 151 7 4 2 2 1
65 57 47 42 28 5 3 6 3 1 1 3 7 16 2 2 2 1 2 2 2 1 1 1 1 1 1 1 2 1420 8 2 2 3 1 1 1 1 1 1 1 1 1 3 4 5 13 4 15 1 1 2 1036 6 5 4 3 1 1 1 1 1 1 1 1 1 1 1 6 8 3 7 7 1 1 1 1 3 5 8 2 3 4 5 6 1 47 99 103 122 11 6 3 1 1 2
1 2 9 3 3 2 1 2 2 1 1 1 1 1 17 5 3 2 3 3 3 2 2 1 2 2 1 1 1 1422 9 7 4 2 2 2 2 2 1 1 1 1 1 2 3 4 1 15 5 17 1 1 1043 6 5 4 3 2 2 1 1 1 1 2 2 2 2 2 7 12 8 8 2 2 2 1 1 1 2 1 1 2 3 4 5 35 50 3 12 6 10 4 1 2 1 1
4 1 2 6 2 2 1 1 1 1 1 1 3 2 2 18 6 6 4 4 4 3 3 2 3 3 2 1 2 3 1439 4 3 3 3 3 3 2 2 2 1 2 1 2 3 1 5 1 16 6 18 1054 8 6 3 2 1 1 3 2 2 2 2 3 3 3 3 10 65 52 20 11 8 5 2 1 1 1 2 3 4 5 16 21 23 11 3 2 11 5 9 1 2 1 1 2
1 3 1 2 3 1 1 1 2 4 7 9 10 20 27 35 57 66 74 82 91 104 113 130 137 141 149 155 158 159 1606 1 4 4 4 4 3 3 3 2 3 1 1 2 3 7 2 6 2 17 1082 3 1 1 2 1 1 2 4 3 3 3 3 4 4 18 11 68 2 1 23 17 7 6 5 3 1 1 1 2 6 10 4 1 3 7 2 1 10 4 7 1 1 1 2 3
2 1 2 1 1 1 1 1 1 1 2 4 6 4 5 3 2 1 3 4 5 5 16 3 1 4 3 1 3 5 6 1618 5 5 5 4 4 4 3 6 2 1 1 2 3 4 12 15 7 1109 2 1 1 1 1 1 2 3 5 4 4 4 4 102 93 74 73 4 3 2 1 5 9 8 7 4 2 1 1 3 3 2 1 2 3 3 1 3 6 3 5 1 1 2 6 9
4 2 1 1 1 1 2 2 1 1 1 1 3 2 2 2 1 2 3 4 4 12 3 2 2 1 2 2 1 1 2 3 1640 11 5 5 5 4 8 1 3 1 1 2 4 6 8 9 25 1138 1 1 1 2 2 2 3 4 6 5 210 205 191 9 8 7 6 5 4 3 2 1 4 3 2 2 1 1 1 1 1 1 1 1 1 2 2 3 2 2 2 2 1 3 2 2
1 1 1 1 1 2 6 2 1 1 1 1 1 1 1 1 1 2 3 3 4 7 2 1 1 1 1 1 2 3 4 5 1644 1 12 6 5 15 6 5 1 1 1 1 1 1 1 2 3 1139 1 2 271 267 264 262 257 245 238 227 5 2 5 79 12 11 10 9 8 7 6 5 4 3 2 1 1 2 1 1 1 1 1 1 1 1 1 1 1 1 1 1 1 1 1 1
1 1 2 2 1 2 11 2 1 2 2 1 1 1 1 1 1 2 2 3 3 3 1 1 1 1 1 2 3 4 5 6 1657 13 1 6 18 2 1 1 2 2 1 1 2 3 1 2 3 1147 3 274 2 1 1 2 2 2 5 5 6 2 1 4 66 3 2 1 7 6 5 4 3 2 1 1 1 1 3 3 2 2 2 1 2 1 1 1 1 1 1 1 1 1 1 1
2 1 3 6 2 3 12 3 2 3 4 1 2 2 2 2 1 1 2 2 2 1 2 1 3 1 2 1 2 3 4 5 6 1685 7 21 2 1 2 3 3 2 1 1 1 1 4 1 2 1150 281 3 2 1 1 1 1 1 4 4 3 2 1 3 4 58 46 39 7 6 5 4 3 2 1 1 1 3 5 4 6 3 3 1 4 2 2 2 2 2 2 1 2 2 2 2
2 1 1 1 8 3 4 13 4 6 6 1 1 5 5 1 1 1 1 1 1 2 3 6 8 5 3 1 1 2 3 4 5 1691 31 9 8 7 4 11 7 4 2 1 1 2 2 7 8 1441 1 4 3 2 1 1 1 1 1 2 3 2 1 2 3 3 8 6 24 18 5 4 3 2 1 1 2 1 2 6 11 10 4 2 5 3 3 3 3 3 3 1 2 3 3 3
2 2 1 1 2 12 16 5 14 17 1 2 1 7 7 2 1 1 1 1 1 1 2 3 4 13 9 2 1 1 1 2 1 1744 20 19 18 17 16 4 3 2 1 1 2 4 7 8 9 1451 7 2 1 4 2 2 2 1 2 1 1 2 1 1 2 2 2 5 5 5 12 8 6 3 1 1 2 5 6 9 10 22 15 3 6 4 4 4 4 4 4 1 2 3 4 7
3 2 1 1 1 1 2 19 25 32 2 3 2 8 10 2 1 2 2 1 2 2 1 2 3 4 18 12 2 1 2 1 4 1755 10 9 8 7 6 5 4 3 1 1 3 4 5 1 1 1 1459 1 28 23 22 18 14 4 1 3 2 1 1 1 1 1 1 2 2 4 4 3 1 2 1 1 3 4 5 13 18 22 45 61 71 5 5 5 5 5 1 5 2 3 4 12
3 2 2 1 1 2 3 4 5 70 3 4 3 24 5 1 1 3 9 11 12 3 3 1 2 33 36 57 72 74 1 3 8 1765 9 8 7 6 5 4 3 2 1 1 1 2 1 6 3 1 1462 29 1 1 1 1 1 8 6 2 1 1 2 1 1 1 1 1 1 1 2 3 2 1 1 1 2 3 7 4 3 1 13 17 22 96 107 6 6 1 6 2 6 3 7 272
3 5 2 1 1 1 2 3 7 1 75 1 32 1 1 1 1 1 1 2 4 18 23 28 30 2 2 2 4 6 81 83 1867 10 9 8 7 6 5 4 3 1 1 1 2 1 3 2 10 1925 456 455 4 2 1 1 1 1 1 1 1 4 2 2 2 2 1 1 1 1 1 1 2 1 1 1 2 3 3 2 1 11 3 4 2 2 4 144 151 158 2 7 10 250 260 30
12 6 5 3 1 1 2 3 1 2 3 118 2 2 1 2 1 1 1 1 1 1 1 1 1 1 1 1 1 1 2 3 1884 13 12 11 5 4 3 2 1 1 1 1 2 3 2 16 1927 1 5 1 420 413 4 2 2 1 2 1 6 3 3 3 3 4 2 2 2 2 1 1 1 2 1 1 1 2 1 4 9 2 3 1 1 1 32 5 7 13 179 189 233 3 6 29
5 4 3 2 1 1 2 3 4 5 6 1 148 151 2 3 2 2 2 1 1 1 1 1 1 2 3 1 1 1 2 3 1888 3 2 1 5 4 3 2 1 1 1 2 2 3 6 1948 4 3 1 2 3 3 407 396 4 3 1 8 4 4 4 4 5 1 3 1 5 2 2 2 3 2 2 1 1 1 3 4 1 2 1 4 5 31 4 1 5 7 7 40 3 2 5 28
1 1 1 2 1 1 2 3 4 1 2 23 3 1 158 162 165 3 3 2 2 2 2 2 1 1 1 5 7 9 10 1902 8 7 6 5 4 3 2 1 1 1 2 2 3 3 1961 3 2 1 2 1 2 2 3 7 391 386 20 10 5 5 5 6 2 4 2 1 8 3 3 4 3 3 2 2 1 1 1 2 1 1 2 1 25 2 1 4 6 6 9 30 2 1 4 27
2 2 3 1 1 1 1 3 5 11 18 2 2 2 1 3 4 171 175 181 3 3 3 3 2 1 2 1 2 1 1 1927 15 14 13 5 4 3 2 1 1 2 2 3 3 4 1969 4 3 2 1 1 1 1 2 6 4 4 358 353 346 13 7 3 5 3 2 9 4 4 5 1 7 3 3 2 1 1 1 1 2 6 9 21 2 1 3 5 5 8 27 2 1 3 8 18
3 6 2 2 2 1 1 1 1 3 3 1 1 1 1 1 1 2 4 6 190 194 201 4 3 2 3 1 1 4 2 1936 8 7 3 7 3 2 1 1 1 2 3 6 4 1986 12 5 4 3 2 1 1 1 1 4 3 3 4 4 2 327 14 10 4 3 10 5 11 6 2 8 13 9 5 2 2 1 1 1 3 2 8 3 1 2 4 4 7 2 24 1 2 7 12 5
8 1 3 3 2 1 1 1 1 1 1 1 1 1 1 1 1 1 1 2 2 4 6 211 219 3 4 2 1 1 1944 5 4 3 3 2 3 1 1 1 2 2 3 10 2112 118 26 6 5 4 3 2 1 1 1 2 2 2 3 3 1 2 310 255 249 17 6 129 117 114 109 94 72 64 25 7 4 2 1 1 1 4 3 2 1 3 3 6 1 3 20 1 6 7 4 4
9 8 4 3 1 2 2 2 1 1 1 1 2 1 3 2 1 1 1 1 1 1 3 2 4 225 234 237 2 1 1955 4 3 2 2 2 1 1 1 2 2 3 6 2133 5 3 91 25 9 8 7 6 4 2 1 1 1 1 2 2 1 9 45 2 3 228 212 2 1 2 2 6 8 7 38 17 4 3 1 1 1 2 2 1 2 2 5 1 2 15 4 5 1 5 3 3
30 2 1 4 2 3 3 3 2 2 2 1 2 4 4 3 3 1 1 1 1 2 1 1 1 1 2 4 242 245 1959 3 2 1 1 1 1 1 1 2 3 9 2142 2 5 4 2 90 15 7 6 5 4 2 1 1 1 1 1 1 4 4 44 1 2 3 12 80 2 1 1 1 5 7 6 37 12 4 3 1 1 1 1 1 1 4 1 9 14 3 1 3 1 3 2 2
10 27 12 5 1 1 5 12 3 3 3 2 3 5 5 4 4 2 2 1 2 1 1 1 1 1 1 1 1 246 1964 4 3 2 1 1 1 1 2 2 3 2160 5 3 1 4 3 1 89 7 3 2 1 1 1 2 4 1 3 1 2 3 42 1 1 2 3 8 77 5 4 3 2 4 6 5 36 7 6 5 3 2 1 1 3 1 7 3 1 2 1 1 1 1 1 1
9 4 10 2 1 1 3 6 19 26 4 3 4 6 6 5 5 3 3 2 1 3 2 2 2 2 1 1 2 2216 4 2 1 1 1 1 2 2 2 3 6 2166 5 1 2 1 3 2 1 87 3 2 1 1 2 13 6 5 1 2 1 2 4 37 1 1 2 3 4 71 25 14 13 1 3 5 4 35 33 27 3 2 1 1 2 5 1 1 1 1 1 1 1 1 1 1
3 3 7 2 1 1 2 3 6 10 37 42 46 51 13 6 6 4 4 3 1 2 4 3 5 3 1 2 2222 3 1 1 2 1 2 2 1 3 3 3 2175 2 1 4 3 2 1 2 1 3 83 2 1 2 44 9 8 3 2 1 1 1 3 28 7 6 1 2 3 4 41 10 4 12 6 2 4 3 1 5 23 3 1 1 2 5 7 8 1 1 2 2 2 2 2 3
