Basics/FAC.asc
ncols        598
nrows        650
xllcorner    108.335000000000
yllcorner    32.655000000000
cellsize     0.000833333333
NODATA_value  -9999
[rows 370 to 443 of 650, columns 192 to 287 of 598]
2 4 1 8 2 6 1 2 2 8 2 1 1 2 3 35487 26 24 11 5 4 3 2 1 1 2 3 1657 1 3 2 1 3 2 1 1 1 1 2 1 82 12 8 3 1 7 1 1 2 3 157 78 6 3 2 2 12 10 7 2 1 1 2 3 4 489 18 17 16 14 12 9 2 1 2 1 1 1 2 3 4 5 1 2 3 4 13 15 403 3 2 1 1 1 1 1
3 1 7 1 3 2 1 1 4 3 1 2 3 4 5 21 35535 1 21 4 3 2 1 1 2 3 1665 1 4 3 2 1 1 1 2 1 1 2 1 3 98 2 1 1 2 9 1 1 4 170 6 3 2 2 2 1 1 1 1 2 1 1 2 3 8 497 7 6 5 4 3 2 1 3 1 2 2 1 1 2 3 4 5 6 7 8 1 1 411 6 5 4 2 1 1 1
4 5 1 2 1 1 2 3 1 1 1 1 2 3 10 5 9 35546 25 3 2 1 1 1 3 4 1676 6 5 4 3 2 2 3 2 2 1 1 3 103 3 2 1 1 13 1 1 2 181 3 3 2 2 1 1 1 1 1 1 2 1 1 2 3 509 3 2 1 1 3 2 1 4 1 2 5 1 1 2 1 2 4 6 8 9 10 11 12 424 3 2 1 2 2 1 1
1 2 3 4 1 1 1 1 1 1 1 1 2 6 4 3 5 1 35572 2 1 2 1 1 1 2 1681 2 1 2 1 3 12 8 5 1 1 2 5 110 3 2 1 1 15 2 1 2 185 2 2 2 1 1 1 1 2 3 5 2 1 1 1 2 516 1 1 2 4 1 1 1 5 4 6 1 2 1 2 3 1 1 1 1 2 3 4 5 430 4 1 3 3 2 1 1
1 1 1 2 7 9 2057 2059 2062 2 1 2 3 3 2 2 2 2076 37650 6 3 2 2 1 1 2 1685 1 4 1 20 16 3 2 1 1 1 2 124 4 3 2 1 1 17 1 196 190 1 1 1 1 1 1 2 2 6 9 3 2 1 1 3 4 521 5 3 5 2 2 1 2 10 10 3 1 1 3 4 4 1 1 1 1 2 3 10 11 442 6 4 4 3 1 2 2
6 8 10 1 2045 2046 38 39 1 2064 2068 1 2 1 1 1 2075 1 2 37667 8 5 2 1 1 2 1695 5 22 21 5 4 3 2 1 1 1 3 128 3 2 1 1 1 2 215 2 1 3 2 1 1 1 1 2 11 13 3 2 1 1 1 2 3 4 540 9 3 3 1 4 25 14 3 2 1 1 2 4 9 2 2 1 3 5 6 1 2 3 452 9 4 2 3 1 3
13 2031 2032 2043 1 37 1 2 42 1 1 2070 2071 2072 2073 2074 1 2 3 37668 4 3 2 1 1 1 2 1725 7 6 1 1 1 1 1 1 2 132 7 3 2 1 1 2 4 220 2 1 1 1 2 2 1 1 2 30 3 2 1 2 1 1 1 2 3 544 48 47 43 41 36 8 5 3 1 1 1 2 3 14 3 3 1 1 1 3 4 5 6 7 476 3 6 2 1 1
2017 12 19 30 33 2 1 4 6 50 1 1 1 1 1 1 1 1 5 37669 8 3 2 3 1 1 2 1729 1 6 4 2 4 2 1 1 3 143 1 3 2 1 1 3 4 232 1 2 2 4 1 3 2 1 4 32 1 1 3 1 2 2 1 1 2 595 8 7 6 5 2 2 2 1 1 1 3 5 3 4 18 5 1 1 1 1 2 3 8 12 13 484 1 2 1 2
11 6 5 5 2 1 2 1 5 7 58 61 1 2 2 2 2 4 10 37680 2 1 6 2 1 1 1 1731 8 1 10 9 4 2 1 1 1 151 4 3 2 1 1 1 2 241 6 3 5 1 1 1 6 2 37 1 2 1 4 2 5 1 1 2 3 607 5 4 3 2 2 1 1 1 1 1 1 2 8 4 28 2 1 2 1 1 2 4 3 1 2 500 3 5 3 1
10 5 4 4 1 1 2 4 1 3 4 5 67 2 3 3 6 7 21 37682 1 8 1 3 2 1 1 1733 25 16 5 4 2 1 1 2 156 4 3 2 1 1 2 2 1 1 242 6 2 3 1 1 2 46 2 1 3 2 7 9 3 1 1 2 3 621 5 4 3 1 1 1 1 1 2 1 2 3 4 13 33 4 1 3 1 2 1 2 1 2 3 4 510 1 2 1
9 4 3 2 1 1 1 1 2 1 2 6 7 150 161 166 1 2 1 37704 9 1 4 1 3 1 1 1 1764 5 4 2 1 1 1 3 161 4 3 2 1 1 2 5 8 3 249 7 4 1 2 1 1 50 3 5 3 8 13 3 2 1 1 2 3 625 3 2 1 1 1 1 2 2 4 1 1 2 3 4 51 5 2 4 4 1 1 1 2 6 8 9 527 3 1 2
7 3 2 1 1 1 1 1 1 2 3 74 75 8 1 1 169 171 1 2 37717 5 2 4 1 3 1 1771 5 4 1 1 1 1 1 2 171 4 3 2 1 1 1 2 3 9 261 1 2 3 2 1 1 1 59 30 26 17 3 2 1 1 1 3 632 5 4 2 1 2 1 2 3 7 3 1 1 1 1 2 3 60 3 12 3 1 1 2 3 1 2 5 8 542 2 6
5 2 1 1 1 2 2 2 2 1 73 2 7 1 2 1 1 1 173 1 1 37730 5 7 5 1 1772 3 2 1 2 1 1 1 3 4 184 4 3 2 1 2 1 1 2 6 271 10 7 3 1 2 1 2 96 5 4 3 2 1 1 1 2 1 641 2 1 1 1 3 2 3 11 5 1 1 1 2 2 1 2 1 81 4 3 1 1 1 1 1 1 1 2 4 544 551
2 1 1 1 2 4 7 10 13 71 1 4 1 2 3 6 1 1 1 174 3 37743 10 2 1 1773 4 4 3 2 1 1 1 2 1 2 191 4 3 2 1 1 3 2 1 1 293 5 4 3 1 1 3 4 97 1 1 1 1 2 1 1 2 3 643 1 1 1 2 4 29 23 10 2 1 1 2 4 3 3 1 3 86 3 1 1 1 2 3 1 1 1 1 2 1 2
1 1 2 2 4 5 6 30 51 4 3 1 3 4 5 6 8 1 2 178 37748 1 2 1 1 1784 6 1 2 1 1 2 2 3 1 2 198 4 3 2 1 1 2 4 3 3 298 4 3 1 1 1 2 8 99 2 2 2 5 2 1 1 2 3 647 2 1 2 7 33 3 1 1 2 1 1 2 3 8 4 4 93 2 1 1 1 1 3 9 3 1 1 1 1 1 1
1 1 2 19 21 22 23 13 7 3 2 1 1 9 10 11 26 1 2 38001 1 1 1 1788 1786 1 1 3 1 1 2 3 3 4 1 1 200 1 2 1 1 1 3 3 8 302 4 3 1 1 1 2 2 11 124 20 15 10 2 1 2 1 3 6 657 3 2 10 36 2 1 1 1 1 1 1 2 3 4 9 113 2 1 1 1 2 1 1 2 15 3 1 1 1 3 1
6 11 14 1 1 6 12 3 3 2 1 1 7 1 2 3 4 27 72 1 38002 2 1792 2 1 2 1 1 5 2 3 4 8 1 2 202 1 3 1 2 1 1 1 4 12 310 3 2 1 1 1 2 5 141 3 2 2 2 2 1 1 4 5 6 7 663 11 38 1 2 1 2 2 2 1 1 2 1 1 6 116 2 1 1 1 5 1 1 1 2 22 2 1 1 2 7
2 1 2 2 4 3 2 2 2 1 1 5 1 6 8 9 10 64 4 1 2 39797 1 1 1 3 1 3 6 3 7 12 9 207 203 2 4 2 3 2 1 1 3 6 323 3 2 1 1 1 2 4 150 3 2 2 1 1 1 1 1 2 1 1 2 723 39 1 4 1 1 3 5 2 1 2 1 3 2 7 118 1 1 1 2 8 2 1 1 2 3 27 1 1 1 2
1 1 1 1 1 1 1 1 1 1 3 1 4 1 5 6 7 22 3 1 2 39807 39811 1 2 1 39847 1 7 40372 40375 40377 40399 208 8 5 1 3 4 4 1 1 1 10 331 4 3 1 1 1 2 164 5 1 2 1 1 1 2 1 1 2 5 2 3 724 9 7 2 1 2 9 3 2 1 3 1 2 4 128 2 1 1 2 2 11 5 1 1 2 3 31 2 1 1 1
1 1 1 1 1 1 1 1 1 1 1 2 1 4 1 5 9 5 2 1 2 3 21 39833 39836 39837 1 39849 40364 1 2 1 8 40616 15 6 4 1 10 5 2 1 3 342 3 2 1 1 1 2 4 166 1 3 1 1 1 2 5 1 1 2 3 9 10 748 1 3 2 1 1 15 1 4 4 1 1 2 5 142 2 1 1 4 11 28 1 1 1 1 1 35 4 1 2 1
30 2 2 2 2 2 1 2 2 2 1 1 2 1 3 1 2 4 1 1 2 1 19 3 4 5 6 510 1 3 1 6 1 3 40635 1 2 11 1 1 3 2 1 351 2 1 1 1 1 2 177 4 3 2 1 1 2 8 1 1 1 1 3 4 7 1 753 1 1 1 1 18 5 1 6 1 1 2 3 148 2 1 1 2 2 4 34 2 1 2 2 2 40 4 2 1
3 40 43 3 3 3 1 2 5 3 2 1 1 1 1 1 1 2 3 6 10 18 1 1 484 491 495 1 6 1 1 5 1 1 1 40652 12 2 2 4 1 3 353 2 1 2 1 1 2 4 181 3 2 1 1 1 2 12 2 2 1 1 1 2 1 9 755 4 2 1 2 24 1 2 9 1 1 3 4 151 2 1 1 1 1 1 2 35 4 1 5 3 59024 58983 3 2
2 2 3 49 53 65 69 73 80 85 89 92 95 97 1 1 1 1 1 2 3 3 4 470 13 6 2 1 2 3 1 3 1 2 3 40656 7 4 1 5 5 1 356 1 1 4 1 2 1 5 187 5 2 1 1 1 2 17 3 2 1 1 1 2 3 4 774 1 2 1 3 25 2 12 2 1 1 1 1 158 2 1 1 1 1 1 1 3 36 5 7 59030 2 1 58974 58964
1 1 1 2 3 2 2 1 1 1 1 1 1 1 102 1 1 1 1 1 1 2 3 469 12 2 3 1 1 2 2 2 2058 2061 2086 42743 8 1 6 1 6 358 1 2 2 6 1 3 1 198 4 1 2 1 1 2 2 23 3 1 2 2 1 1 2 3 787 9 6 4 1 1 40 4 1 1 1 2 161 2 1 1 2 2 1 2 2 2 40 59052 59046 2 1 1 2 6
1 1 1 1 1 1 1 1 1 1 1 1 1 1 1 107 112 1 1 1 1 1 1 468 2 9 1 2 1 1 1 2055 2 24 1 5 42760 9 1 2 366 1 2 3 3 7 2 4 202 2 1 2 1 1 1 2 3 31 2 1 3 3 1 2 3 4 792 4 3 2 1 1 46 1 1 1 3 5 166 2 1 1 2 5 2 3 3 3 59101 8 3 3 1 1 2 3
2 3 1 1 1 1 1 1 2 3 1 3 2 1 1 1 1 113 115 2 1 460 465 2 1 7 1 1 2025 2053 2054 1 21 2 2 1 3 42770 370 367 1 1 1 3 7 10 5 203 3 2 1 1 1 2 1 2 6 33 1 2 7 1 1 2 1 2 3 801 4 3 1 1 52 2 1 1 2 3 178 1 2 1 1 4 6 6 59120 59116 3 3 4 2 2 1 2 2
149 152 160 162 204 221 224 225 228 279 290 296 302 304 1 1 1 1 1 116 458 3 1 1 1 1 4 2024 27 6 12 14 6 1 1 2 2 42776 371 1 3 1 2 1 11 11 6 207 2 1 1 2 2 3 2 1 42 1 1 3 9 1 2 1 3 1 806 4 3 2 1 1 54 2 1 1 1 2 181 3 2 1 1 1 12 59128 1 5 3 2 2 3 1 1 1 1
2 1 2 41 12 2 1 1 48 4 2 2 3 1 316 320 324 327 332 336 3 1 1 1 2 3 2023 26 2 3 5 1 2 3 1 1 3 1 43153 1 4 6 9 10 23 12 7 208 5 2 3 1 3 4 3 2 44 2 1 1 13 2 3 1 2 4 811 4 3 2 1 1 2 60 2 1 1 2 3 188 1 1 2 4 59148 3 2 1 3 2 1 1 2 1 1 1
1 1 40 10 1 1 1 4 43 3 1 1 2 7 2 2 2 2 2 3 1 1 1 1 2 2022 24 1 1 2 2 2 1 2 1 2 1 2 1 43163 43164 43165 43166 43167 43168 43991 44001 44221 5 4 1 2 4 5 4 3 49 2 1 2 14 3 1 5 2 3 829 6 5 2 1 1 3 69 3 1 1 2 3 192 1 1 2 1 59151 2 1 1 1 1 1 1 1 2 1 2
1 39 7 1 1 1 2 40 2 1 1 1 3 3 1 1 1 1 1 1 1 1 1 2 3 2016 23 2 1 1 1 1 1 1 3 4 5 6 7 1 112 113 138 139 782 5 2 1 44223 1 4 1 5 6 8 50 1 2 1 3 18 1 1 1 6 3 832 2 1 2 1 1 1 71 1 1 1 1 2 200 2 1 5 59159 6 2 1 1 1 1 1 3 3 1 2 3
37 4 1 1 1 2 36 2 1 1 1 2 1 1 1 1 1 1 1 1 1 2 2 2012 2015 6 9 5 1 1 1 1 1 1 1 2 3 4 82 86 25 23 1 640 2 4 1 1 44225 1 5 7 7 9 51 2 1 3 2 22 2 1 1 2 2 844 2 1 1 1 1 1 1 2 74 3 1 1 2 3 205 209 6 59160 1 3 2 2 2 2 1 4 5 3 4 1
4 2 1 1 2 30 2 1 1 1 2 3 1 2 1831 1836 1843 1853 1860 1867 1872 1876 2011 1 1 5 7 1 3 2 2 1 3 1 1 1 2 77 3 24 1 8 13 639 1 3 1 3 4 44231 6 15 1 62 1 3 5 1 3 23 3 2 2 1 854 4 3 2 2 2 3 1 1 2 83 1 1 1 2 1 1 1 217 59165 3 2 1 5 3 1 6 1 9 1 6 1
3 1 1 1 25 1 1 1 1 1 2 3 9 1828 3 5 4 3 6 5 3 2 3 127 5 4 4 2 2 1 6 50 53 58 2 1 74 2 22 1 2 5 12 638 1 1 1 2 25 27 44267 44347 63 1 4 1 6 2 4 24 4 3 3 1 855 1 4 3 8 5 1 1 1 2 88 2 1 1 1 2 3 4 59387 2 1 1 1 18 12 7 2 10 2 7 1 2
2 1 2 21 1 1 1 1 2 1 1 2 1815 3 2 4 3 2 5 4 2 1 2 121 4 3 3 1 1 1 42 1 1 2 67 72 1 9 12 1 4 5 6 1 636 1 1 4 18 1 2 10 44362 44368 2 1 7 3 29 5 1 4 4 2 857 5 1 10 1 4 3 1 1 3 95 1 2 1 2 1 1 2 59393 1 2 2 1 19 1 14 11 3 8 2 1 1
1 2 16 1 1 1 1 3 3 1774 1780 1811 3 2 1 3 2 1 4 3 1 1 114 6 3 2 1 1 1 35 4 1 1 2 4 2 8 2 9 3 4 4 1 11 621 2 1 2 17 1 8 1 4 4 44381 44394 4 1 35 2 1 5 5 3 858 7 11 1 5 1 2 1 1 1 2 96 4 2 1 4 6 7 59394 6 3 2 1 21 15 1 1 12 3 1 1 3
8 12 1 1 2 2 2 1767 1772 5 23 4 3 2 1 2 1 3 2 1 2 113 4 1 2 1 2 10 23 10 2 1 1 3 1 2 5 1 8 2 3 3 4 6 4 616 1 1 16 4 3 2 1 3 6 2 44399 44401 36 3 2 6 9 1 859 19 10 8 2 3 1 1 1 1 1 2 97 5 3 4 7 15 59395 7 3 1 23 16 2 2 13 4 2 1 2 233
2 1 1 1 1 4 1756 4 1 4 9 13 3 2 1 1 2 1 1 2 104 6 1 2 1 1 7 10 2 7 2 1 1 1 1 1 3 5 2 1 2 2 3 5 3 613 2 10 5 3 2 1 2 3 2 1 2 6 44446 44454 44457 44474 1 861 1 36 6 5 4 2 2 3 1 1 2 3 3 103 1 2 1 2 59417 13 2 1 40 3 3 14 5 3 2 1 236 2
1 2 1 2 4 1745 4 1 2 3 8 10 2 2 1 1 1 2 3 98 3 3 2 1 1 6 6 3 1 4 2 1 1 1 1 2 3 1 1 1 1 2 2 2 2 612 1 9 4 2 1 1 1 1 1 1 3 2 2 4 3 7 44483 900 37 1 1 4 3 3 4 2 1 1 2 3 10 107 1 1 2 3 4 59431 1 46 4 4 1 20 4 1 241 237 4 1
1 1 4 2 1734 6 2 3 1 2 7 7 2 1 1 1 2 3 90 4 2 2 1 1 4 3 2 2 1 2 1 1 1 2 4 1 1 1 1 1 1 1 1 1 607 4 6 2 3 1 1 6 7 1 1 2 1 1 1 2 2 3 1 45385 1 3 5 1 4 5 3 2 1 1 2 3 1 16 125 1 1 2 3 4 59629 1 5 2 1 25 2 242 1 6 1 2
2 2 1 1726 5 4 3 1 2 1 6 5 1 1 1 1 2 74 12 3 1 1 1 2 1 1 1 1 1 1 1 1 3 5 570 578 581 585 588 592 596 597 602 606 3 3 2 1 2 1 4 2 1 10 11 1 1 1 1 1 1 1 1 1 45386 5 6 2 14 4 3 1 1 1 2 3 4 1 2 126 2 3 140 146 1 59630 9 1 27 3 243 2 1 13 6 3
3 3 6 1720 8 4 3 2 1 1 4 3 1 1 1 3 71 8 3 1 1 1 1 2 1 1 1 1 1 1 3 5 554 561 3 3 2 3 1 2 2 3 1 3 2 2 1 1 1 2 1 1 9 10 1 13 15 3 1 1 2 3 1 2 5 45397 9 15 1 4 2 2 1 1 1 2 3 1 1 4 131 136 2 5 1 5 59647 29 1 250 3 1 15 6 5 4
2 4 1698 7 4 3 3 2 1 2 1 2 1 1 3 67 5 2 1 1 1 2 4 5 8 10 524 531 535 540 543 548 5 1 2 2 1 2 1 1 1 1 1 1 1 1 1 1 2 3 4 5 3 1 11 1 1 17 37 39 40 41 4 1 1 1218 46628 46650 5 3 1 6 2 1 1 2 3 10 2 3 4 1 1 1 2 2 2 59729 59984 1 2 16 7 1 29 28
1 1591 1693 4 2 3 2 2 1 1 1 1 2 38 60 3 2 2 1 1 14 16 17 18 19 511 2 3 3 3 2 4 2 2 1 1 1 1 1 1 1 1 1 927 928 929 1 3 1 1 1 2 1 6 8 12 14 15 1 1 1150 1151 1209 1210 1216 1 2 151 46808 2 7 1 3 1 1 1 3 1 14 15 16 1 1 1 1 1 2 48 2 60011 17 8 2 30 1 4
1587 83 9 5 3 1 2 1 1 1 1 2 34 11 10 2 1 1 1 12 1 2 3 4 487 4 1 2 2 2 1 3 1 1 1 1 1 2 902 909 911 922 925 1 2 3 933 1 5 7 9 10 1 1 2 12 13 14 15 1148 4 9 3 4 1 1 11 139 1 46818 2 4 1 3 1 1 1 2 1 2 3 21 1 2 1 1 47 1 5 2 60027 3 31 2 7 2
6 82 6 2 4 2 1 1 1 1 2 31 5 5 8 1 1 2 5 5 1 1 2 3 479 2 1 1 1 1 1 1 1 1 1 2 889 898 3 2 4 5 1 3 1 2 121 1055 1 1 1 1 11 1 1 1114 1123 1127 1132 3 3 1 2 3 1 10 1 138 1 46825 5 2 4 2 1 1 1 2 3 4 5 6 29 1 4 46 1 4 1 2 2 60032 42 8 1 1
5 72 9 5 1 3 2 1 1 3 26 2 4 4 4 3 1 2 4 1 2 3 4 468 8 2 1 1 1 1 1 1 1 863 871 885 5 3 2 1 3 4 2 1 95 118 5 13 1072 1078 1081 1086 1093 1109 1113 4 4 3 4 2 2 1 1 1 7 1 135 1 11 46837 8 5 3 3 2 1 1 2 3 4 5 6 7 38 39 2 1 1 1 1 1 3 60077 4 2 1
4 6 65 8 4 3 2 1 1 17 4 1 3 3 3 2 1 3 3 6 9 12 13 463 7 1 1 1 2 2 2 4 859 6 12 1 4 2 1 2 3 1 7 90 18 4 4 7 3 3 2 3 5 3 3 3 3 2 3 1 1 1 2 6 122 128 6 10 1 2 46848 9 5 1 2 1 1 1 2 3 4 5 1 1 1 1 1 1 1 1 2 1 1 60082 3 1
3 5 57 7 7 4 3 1 1 14 2 1 2 2 2 1 2 2 2 2 2 1 2 449 4 1 1 1 2 5 842 848 5 5 5 6 3 1 1 2 2 6 52 30 17 3 3 6 2 2 1 2 4 2 2 2 2 1 2 1 1 2 3 121 5 5 1 8 433 437 438 47297 1 1 6 2 1 1 2 1 1 2 8 13 1 1 1 2 5 1 1 1 1 60084 4 5
2 4 53 3 6 2 1 1 1 10 2 1 1 1 1 1 1 1 1 1 1 2 3 446 2 1 1 3 5 834 3 2 4 4 4 4 1 2 1 1 3 51 29 14 2 2 2 5 1 1 1 2 1 1 1 1 1 1 1 2 2 1 120 4 4 2 7 432 1 3 19 20 47318 47320 10 3 1 1 1 3 2 1 1 15 1 2 2 3 4 11 1 4 1 2 60091 16
1 2 51 1 2 5 3 1 1 7 1 1 1 1 1 1 1 1 1 1 1 1 2 440 1 1 2 3 826 2 2 1 3 3 3 2 1 1 1 2 50 28 11 2 1 1 1 4 1 2 1 1 51 1 1 1 1 1 1 2 116 118 3 3 1 2 2 431 1 17 1 7 8 9 47343 3 2 1 1 2 4 5 6 22 2 3 1 1 2 3 12 5 1 1 2 60108
1 2 20 28 4 1 1 1 3 2 1 1 1 2 3 2 2 2 1 2 2 2 436 2 1 1 2 3 813 6 1 1 2 2 1 1 1 1 2 49 27 8 2 1 1 2 3 1 2 42 48 49 1 69 71 77 82 98 99 108 1 1 2 2 1 1 1 429 12 4 1 5 3 4 5 47349 1 2 2 3 5 1 1 24 3 4 2 1 2 4 9 28 2 3 4 3
1 2 17 15 8 3 2 1 2 1 1 1 2 2 3 6 3 3 2 1 6 430 2 1 1 1 2 3 806 3 5 2 1 1 1 1 1 2 46 26 5 2 1 1 1 2 23 25 39 1 2 1 15 1 3 1 2 14 4 2 2 1 1 1 1 2 428 11 2 1 4 1 1 10 20 21 47372 5 1 9 1 1 1 1 29 5 3 1 1 1 1 1 31 1 2 5
1 2 14 9 5 7 3 2 1 1 2 2 4 7 10 14 24 1 6 412 419 3 1 1 1 1 2 773 20 12 2 2 1 1 1 3 38 41 2 25 4 1 1 1 3 20 1 11 2 1 1 4 9 1 1 1 8 5 3 1 1 1 1 2 417 425 4 6 1 1 2 3 8 1 9 1 2 47373 7 20 2 1 2 1 2 37 6 1 1 1 1 1 1 32 1 3
1 2 11 8 1 3 3 1 1 1 1 4 5 6 7 8 1 45 405 3 3 1 1 1 1 2 768 2 12 7 11 1 1 1 6 30 3 2 1 24 2 1 1 3 15 1 4 6 1 1 2 1 7 2 4 7 2 2 1 1 1 1 3 413 5 2 3 4 1 1 2 1 3 2 6 1 1220 48873 48874 48911 48933 48935 3 1 1 39 7 1 1 2 3 4 5 7 33 5
1 3 7 5 2 1 1 1 1 1 2 3 4 5 1 1 18 355 4 2 1 1 1 1 3 761 4 1 11 6 3 7 1 3 20 3 2 1 1 22 1 1 5 10 1 3 1 3 1 1 2 6 1 1 1 1 1 1 1 1 1 3 402 7 4 1 2 2 1 1 1 2 1 5 1 1218 4 273 36 1 1 1 48940 2 1 1 48 1 3 7 8 51406 51407 51408 51467 51481
2 3 3 3 1 1 1 1 1 2 2 1 1 1 6 8 352 2 2 1 1 1 1 3 749 7 2 1 10 5 2 6 1 15 4 2 1 1 5 16 2 3 3 1 1 1 1 1 1 1 2 1 1 1 1 1 2 1 2 1 2 395 3 6 1 2 1 1 3 1 2 3 4 1 1216 3 271 1 32 2 1 19 20 48963 2 1 1 49 1 1 51396 1 1 15 3 11
1 2 2 1 1 1 1 2 2 2 3 3 2 5 332 347 2 2 1 1 1 1 3 742 3 2 4 1 9 4 1 5 10 4 3 1 2 3 12 3 1 2 1 1 1 1 1 1 1 2 1 1 1 328 339 340 348 353 356 363 391 1 2 4 1 1 1 2 1 5 1204 1205 1211 1214 2 266 4 28 3 1 15 2 1 6 49009 49011 49013 49014 49065 51393 1 1 8 5 2 9
1 1 1 1 1 1 2 2 3 3 3 7 280 326 9 3 2 1 1 1 2 4 733 2 3 2 1 3 8 3 1 3 9 3 2 1 3 8 3 2 1 1 2 4 6 8 2 2 5 297 298 303 325 4 4 5 2 2 1 3 1 26 1 2 1 1 1 2 1194 1198 1 5 2 1 253 12 3 27 2 1 13 1 4 34 3 43 47 48 2281 45 42 1 7 4 1 8
1 1 1 1 2 2 2 3 3 7 11 269 22 23 4 4 2 1 1 2 3 722 5 1 1 2 1 2 7 2 2 1 7 2 1 2 1 3 2 1 1 2 3 4 5 6 15 285 288 1 3 17 3 3 3 4 1 1 1 1 1 23 1 1 1 1 1186 1191 2 1 3 1 1 252 7 4 2 26 1 2 10 3 33 2 8 34 3 2 2230 2 1 39 6 2 1 7
1 1 2 2 2 5 8 61 241 250 257 3 18 22 3 2 1 1 1 2 3 718 1 3 2 1 1 1 6 1 1 4 2 1 1 1 2 1 1 1 1 2 3 1 2 247 260 7 2 1 1 16 2 2 2 2 1 1 2 10 20 1 1 2 3 1183 2 2 1 2 1 2 250 2 4 3 1 25 1 9 2 28 4 1 7 33 2 1 2227 2 1 38 1 4 1 6
1 2 2 5 8 9 50 176 3 5 6 2 17 18 3 2 1 1 2 3 15 672 27 5 4 3 2 1 3 2 2 1 1 1 1 2 3 1 1 2 2 1 1 5 244 8 4 6 1 2 11 4 1 1 1 1 2 3 7 7 1 1 1 1 3 1175 1 1 1 1 2 245 2 1 3 2 23 1 8 1 25 2 3 5 1 32 1 1 2217 9 1 30 7 1 2 5
3 5 8 20 38 40 172 3 2 4 5 1 16 15 2 2 1 1 8 11 4 9 658 21 4 3 2 1 2 1 1 1 2 1 2 1 1 4 2 2 3 6 8 238 3 4 3 5 1 2 6 2 1 1 1 1 1 3 3 2 1 1 1 1 1172 1 1 1 1 1 238 4 1 2 1 2 20 7 1 20 4 1 2 4 3 28 10 14 7 2194 8 1 28 6 1 2
3 7 11 17 1 3 168 2 1 3 4 8 7 6 8 1 1 6 2 3 4 4 651 6 16 11 3 2 1 1 1 2 3 6 8 3 5 172 183 197 203 212 221 8 2 3 2 4 1 3 2 1 1117 1121 1123 1 1 1 1 1 1 1159 1167 1170 1 1 1 216 1 226 236 1 2 1 1 19 5 1 14 4 3 1 3 2 27 9 2 1 6 2193 2 5 21 6 5 1
3 3 15 1 2 3 163 1 1 2 3 7 6 5 4 3 5 1 2 3 2 1 650 6 5 4 7 2 1 1 3 4 5 6 7 16 165 6 5 6 3 8 8 7 1 2 1 3 2 1 1 1116 2 1 4 1131 1132 1 1 1154 1157 4 1 1 1 1 213 3 223 3 5 1 1 2 18 3 1 3 10 3 2 2 1 26 6 2 1 1 5 2186 6 1 4 20 5 4
2 11 3 1 2 2 134 26 3 1 2 6 5 4 3 2 4 1 2 1 1 626 4 13 5 4 3 4 1 1 2 3 4 5 10 142 6 5 4 5 2 7 7 4 2 1 2 1 1 2 1113 1 1 2 2 3 5 1144 1152 2 1 2 1 1 2 207 3 2 3 2 1 3 1 9 6 2 1 1 9 2 1 1 25 3 2 1 1 2 1 2185 108 5 1 2 19 4
4 6 2 1 1 1 132 19 3 2 1 5 4 3 2 1 3 1 1 2 3 621 2 1 12 4 3 2 2 1 1 2 3 4 128 3 5 4 3 4 1 6 6 3 1 1 1 2 3 9 3 1098 1 1 2 1 6 4 2 1 1 184 191 195 198 6 2 1 2 1 2 2 8 3 2 1 1 8 1 1 2 23 1 2 1 1 1 2 2072 1 3 107 4 1 14 4
2 3 1 1 2 6 125 13 5 2 1 4 3 2 1 2 1 2 3 4 606 8 6 1 8 3 3 2 1 1 1 2 3 8 119 2 4 3 2 3 1 4 5 2 1 2 3 4 5 1 1 1096 1 1 2 5 3 1 1 2 183 3 3 2 2 4 1 1 1 1 1 3 2 2 1 3 6 3 4 5 16 3 1 1 2 8 10 2065 3 1 2 2 104 3 12 1
1 2 1 2 3 122 2 6 6 4 1 3 2 1 1 1 2 3 4 596 5 3 4 5 1 6 2 2 1 1 2 3 4 101 17 1 3 2 1 2 3 4 1 1 2 3 4 5 6 7 1090 4 1 1 2 2 5 6 7 175 5 2 2 1 1 2 1 1 1 1 1 1 1 1 2 2 2 2 5 7 3 1 1 1 5 2 3 2054 3 2 1 1 18 85 2 11
1 1 2 3 113 8 1 5 4 1 3 2 1 1 2 3 4 5 12 579 3 1 2 3 4 3 2 1 1 2 3 4 13 87 13 3 2 1 1 2 2 1 1 1 1 2 3 4 5 6 1076 2 1 1 1 4 1 2 3 164 1 3 1 1 1 1 36 38 2 2 1 1 1 1 1 1 1 1 1 1 1 1 1 4 1 2 4 443 1600 2 1 7 10 84 1 6
1 2 3 23 86 4 3 4 1 2 2 1 1 2 3 4 5 6 31 542 5 2 1 1 2 3 2 1 1 4 6 8 1 85 2 10 2 1 1 1 1 2 1 3 2 3 4 5 6 1070 3 2 1 1 3 1 2 3 159 2 2 1 1 1 2 34 3 5 46 51 228 232 2 1 1 1 1 1 1 1 1 1 1 1 1 1 1 441 1 1599 1 6 9 82 1 4
2 3 19 46 35 4 3 2 3 1 1 2 3 8 17 22 29 30 1 492 48 4 3 2 1 1 2 1 3 1 1 1 16 64 4 1 9 1 1 2 3 4 7 8 12 13 14 15 1052 3 8 2 1 1 1 2 3 4 155 2 1 1 1 2 31 2 1 2 2 170 3 2 235 263 267 270 272 273 293 298 2 2 1 1 1 1 2 434 5 1 1597 5 8 74 7 2
3 15 38 7 30 4 3 2 1 2 1 2 4 8 4 6 1 2 484 3 4 47 14 4 3 2 1 2 1 2 3 14 54 5 4 3 7 1 1 2 3 4 5 6 7 8 9 1029 7 2 5 2 1 1 2 3 16 44 102 2 1 1 2 23 5 1 1 1 3 166 2 1 2 25 2 11 15 18 2 1 305 311 313 2 1 2 1 429 1 4 1596 4 7 73 2 4
11 32 5 6 23 6 3 2 1 1 1 1 7 3 5 3 4 5 476 2 3 4 28 9 5 2 1 1 2 3 10 6 47 4 3 2 5 1 1 2 3 4 5 6 7 8 1006 13 6 1 3 1 1 1 2 12 18 9 80 21 1 9 19 1 2 2 1 2 7 158 1 1 24 1 4 6 3 2 1 4 1 1 4 401 408 415 422 4 2 3 1595 3 6 70 2 1
24 7 4 5 9 13 5 2 1 1 3 6 2 4 2 1 2 144 331 1 2 3 24 3 3 2 1 1 1 6 5 41 5 3 2 1 4 1 1 2 3 4 1 2 3 4 993 12 3 2 1 1 2 5 9 5 12 8 79 20 8 5 2 2 1 1 1 6 13 142 2 1 22 3 2 3 2 1 3 1 2 3 78 5 3 4 6 3 1 2 1594 2 5 66 3 1
